/*--------------------------------*- C++ -*----------------------------------*\
| =========                 |                                                 |
| \\      /  F ield         | foam-extend: Open Source CFD                    |
|  \\    /   O peration     | Version:     3.1                                |
|   \\  /    A nd           | Web:         http://www.extend-project.de       |
|    \\/     M anipulation  |                                                 |
\*---------------------------------------------------------------------------*/
FoamFile
{
    version     2.0;
    format      ascii;
    class       faceList;
    location    "constant/polyMesh";
    object      faces;
}
// * * * * * * * * * * * * * * * * * * * * * * * * * * * * * * * * * * * * * //


2001
(
4(1 52 154 103)
4(2 53 155 104)
4(3 54 156 105)
4(4 55 157 106)
4(5 56 158 107)
4(6 57 159 108)
4(7 58 160 109)
4(8 59 161 110)
4(9 60 162 111)
4(10 61 163 112)
4(11 62 164 113)
4(12 63 165 114)
4(13 64 166 115)
4(14 65 167 116)
4(15 66 168 117)
4(16 67 169 118)
4(17 68 170 119)
4(18 69 171 120)
4(19 70 172 121)
4(20 71 173 122)
4(21 72 174 123)
4(22 73 175 124)
4(23 74 176 125)
4(24 75 177 126)
4(25 76 178 127)
4(26 77 179 128)
4(27 78 180 129)
4(28 79 181 130)
4(29 80 182 131)
4(30 81 183 132)
4(31 82 184 133)
4(32 83 185 134)
4(33 84 186 135)
4(34 85 187 136)
4(35 86 188 137)
4(36 87 189 138)
4(37 88 190 139)
4(38 89 191 140)
4(39 90 192 141)
4(40 91 193 142)
4(41 92 194 143)
4(42 93 195 144)
4(43 94 196 145)
4(44 95 197 146)
4(45 96 198 147)
4(46 97 199 148)
4(47 98 200 149)
4(48 99 201 150)
4(49 100 202 151)
4(50 101 203 152)
4(204 304 504 404)
4(205 305 505 405)
4(206 306 506 406)
4(207 307 507 407)
4(208 308 508 408)
4(209 309 509 409)
4(210 310 510 410)
4(211 311 511 411)
4(212 312 512 412)
4(213 313 513 413)
4(214 314 514 414)
4(215 315 515 415)
4(216 316 516 416)
4(217 317 517 417)
4(218 318 518 418)
4(219 319 519 419)
4(220 320 520 420)
4(221 321 521 421)
4(222 322 522 422)
4(223 323 523 423)
4(224 324 524 424)
4(225 325 525 425)
4(226 326 526 426)
4(227 327 527 427)
4(228 328 528 428)
4(229 329 529 429)
4(230 330 530 430)
4(231 331 531 431)
4(232 332 532 432)
4(233 333 533 433)
4(234 334 534 434)
4(235 335 535 435)
4(236 336 536 436)
4(237 337 537 437)
4(238 338 538 438)
4(239 339 539 439)
4(240 340 540 440)
4(241 341 541 441)
4(242 342 542 442)
4(243 343 543 443)
4(244 344 544 444)
4(245 345 545 445)
4(246 346 546 446)
4(247 347 547 447)
4(248 348 548 448)
4(249 349 549 449)
4(250 350 550 450)
4(251 351 551 451)
4(252 352 552 452)
4(253 353 553 453)
4(254 354 554 454)
4(255 355 555 455)
4(256 356 556 456)
4(257 357 557 457)
4(258 358 558 458)
4(259 359 559 459)
4(260 360 560 460)
4(261 361 561 461)
4(262 362 562 462)
4(263 363 563 463)
4(264 364 564 464)
4(265 365 565 465)
4(266 366 566 466)
4(267 367 567 467)
4(268 368 568 468)
4(269 369 569 469)
4(270 370 570 470)
4(271 371 571 471)
4(272 372 572 472)
4(273 373 573 473)
4(274 374 574 474)
4(275 375 575 475)
4(276 376 576 476)
4(277 377 577 477)
4(278 378 578 478)
4(279 379 579 479)
4(280 380 580 480)
4(281 381 581 481)
4(282 382 582 482)
4(283 383 583 483)
4(284 384 584 484)
4(285 385 585 485)
4(286 386 586 486)
4(287 387 587 487)
4(288 388 588 488)
4(289 389 589 489)
4(290 390 590 490)
4(291 391 591 491)
4(292 392 592 492)
4(293 393 593 493)
4(294 394 594 494)
4(295 395 595 495)
4(296 396 596 496)
4(297 397 597 497)
4(298 398 598 498)
4(299 399 599 499)
4(300 400 600 500)
4(301 401 601 501)
4(302 402 602 502)
4(303 403 603 503)
4(604 704 904 804)
4(605 705 905 805)
4(606 706 906 806)
4(607 707 907 807)
4(608 708 908 808)
4(609 709 909 809)
4(610 710 910 810)
4(611 711 911 811)
4(612 712 912 812)
4(613 713 913 813)
4(614 714 914 814)
4(615 715 915 815)
4(616 716 916 816)
4(617 717 917 817)
4(618 718 918 818)
4(619 719 919 819)
4(620 720 920 820)
4(621 721 921 821)
4(622 722 922 822)
4(623 723 923 823)
4(624 724 924 824)
4(625 725 925 825)
4(626 726 926 826)
4(627 727 927 827)
4(628 728 928 828)
4(629 729 929 829)
4(630 730 930 830)
4(631 731 931 831)
4(632 732 932 832)
4(633 733 933 833)
4(634 734 934 834)
4(635 735 935 835)
4(636 736 936 836)
4(637 737 937 837)
4(638 738 938 838)
4(639 739 939 839)
4(640 740 940 840)
4(641 741 941 841)
4(642 742 942 842)
4(643 743 943 843)
4(644 744 944 844)
4(645 745 945 845)
4(646 746 946 846)
4(647 747 947 847)
4(648 748 948 848)
4(649 749 949 849)
4(650 750 950 850)
4(651 751 951 851)
4(652 752 952 852)
4(653 753 953 853)
4(654 754 954 854)
4(655 755 955 855)
4(656 756 956 856)
4(657 757 957 857)
4(658 758 958 858)
4(659 759 959 859)
4(660 760 960 860)
4(661 761 961 861)
4(662 762 962 862)
4(663 763 963 863)
4(664 764 964 864)
4(665 765 965 865)
4(666 766 966 866)
4(667 767 967 867)
4(668 768 968 868)
4(669 769 969 869)
4(670 770 970 870)
4(671 771 971 871)
4(672 772 972 872)
4(673 773 973 873)
4(674 774 974 874)
4(675 775 975 875)
4(676 776 976 876)
4(677 777 977 877)
4(678 778 978 878)
4(679 779 979 879)
4(680 780 980 880)
4(681 781 981 881)
4(682 782 982 882)
4(683 783 983 883)
4(684 784 984 884)
4(685 785 985 885)
4(686 786 986 886)
4(687 787 987 887)
4(688 788 988 888)
4(689 789 989 889)
4(690 790 990 890)
4(691 791 991 891)
4(692 792 992 892)
4(693 793 993 893)
4(694 794 994 894)
4(695 795 995 895)
4(696 796 996 896)
4(697 797 997 897)
4(698 798 998 898)
4(699 799 999 899)
4(700 800 1000 900)
4(701 801 1001 901)
4(702 802 1002 902)
4(703 803 1003 903)
4(1004 1154 1454 1304)
4(1005 1155 1455 1305)
4(1006 1156 1456 1306)
4(1007 1157 1457 1307)
4(1008 1158 1458 1308)
4(1009 1159 1459 1309)
4(1010 1160 1460 1310)
4(1011 1161 1461 1311)
4(1012 1162 1462 1312)
4(1013 1163 1463 1313)
4(1014 1164 1464 1314)
4(1015 1165 1465 1315)
4(1016 1166 1466 1316)
4(1017 1167 1467 1317)
4(1018 1168 1468 1318)
4(1019 1169 1469 1319)
4(1020 1170 1470 1320)
4(1021 1171 1471 1321)
4(1022 1172 1472 1322)
4(1023 1173 1473 1323)
4(1024 1174 1474 1324)
4(1025 1175 1475 1325)
4(1026 1176 1476 1326)
4(1027 1177 1477 1327)
4(1028 1178 1478 1328)
4(1029 1179 1479 1329)
4(1030 1180 1480 1330)
4(1031 1181 1481 1331)
4(1032 1182 1482 1332)
4(1033 1183 1483 1333)
4(1034 1184 1484 1334)
4(1035 1185 1485 1335)
4(1036 1186 1486 1336)
4(1037 1187 1487 1337)
4(1038 1188 1488 1338)
4(1039 1189 1489 1339)
4(1040 1190 1490 1340)
4(1041 1191 1491 1341)
4(1042 1192 1492 1342)
4(1043 1193 1493 1343)
4(1044 1194 1494 1344)
4(1045 1195 1495 1345)
4(1046 1196 1496 1346)
4(1047 1197 1497 1347)
4(1048 1198 1498 1348)
4(1049 1199 1499 1349)
4(1050 1200 1500 1350)
4(1051 1201 1501 1351)
4(1052 1202 1502 1352)
4(1053 1203 1503 1353)
4(1054 1204 1504 1354)
4(1055 1205 1505 1355)
4(1056 1206 1506 1356)
4(1057 1207 1507 1357)
4(1058 1208 1508 1358)
4(1059 1209 1509 1359)
4(1060 1210 1510 1360)
4(1061 1211 1511 1361)
4(1062 1212 1512 1362)
4(1063 1213 1513 1363)
4(1064 1214 1514 1364)
4(1065 1215 1515 1365)
4(1066 1216 1516 1366)
4(1067 1217 1517 1367)
4(1068 1218 1518 1368)
4(1069 1219 1519 1369)
4(1070 1220 1520 1370)
4(1071 1221 1521 1371)
4(1072 1222 1522 1372)
4(1073 1223 1523 1373)
4(1074 1224 1524 1374)
4(1075 1225 1525 1375)
4(1076 1226 1526 1376)
4(1077 1227 1527 1377)
4(1078 1228 1528 1378)
4(1079 1229 1529 1379)
4(1080 1230 1530 1380)
4(1081 1231 1531 1381)
4(1082 1232 1532 1382)
4(1083 1233 1533 1383)
4(1084 1234 1534 1384)
4(1085 1235 1535 1385)
4(1086 1236 1536 1386)
4(1087 1237 1537 1387)
4(1088 1238 1538 1388)
4(1089 1239 1539 1389)
4(1090 1240 1540 1390)
4(1091 1241 1541 1391)
4(1092 1242 1542 1392)
4(1093 1243 1543 1393)
4(1094 1244 1544 1394)
4(1095 1245 1545 1395)
4(1096 1246 1546 1396)
4(1097 1247 1547 1397)
4(1098 1248 1548 1398)
4(1099 1249 1549 1399)
4(1100 1250 1550 1400)
4(1101 1251 1551 1401)
4(1102 1252 1552 1402)
4(1103 1253 1553 1403)
4(1104 1254 1554 1404)
4(1105 1255 1555 1405)
4(1106 1256 1556 1406)
4(1107 1257 1557 1407)
4(1108 1258 1558 1408)
4(1109 1259 1559 1409)
4(1110 1260 1560 1410)
4(1111 1261 1561 1411)
4(1112 1262 1562 1412)
4(1113 1263 1563 1413)
4(1114 1264 1564 1414)
4(1115 1265 1565 1415)
4(1116 1266 1566 1416)
4(1117 1267 1567 1417)
4(1118 1268 1568 1418)
4(1119 1269 1569 1419)
4(1120 1270 1570 1420)
4(1121 1271 1571 1421)
4(1122 1272 1572 1422)
4(1123 1273 1573 1423)
4(1124 1274 1574 1424)
4(1125 1275 1575 1425)
4(1126 1276 1576 1426)
4(1127 1277 1577 1427)
4(1128 1278 1578 1428)
4(1129 1279 1579 1429)
4(1130 1280 1580 1430)
4(1131 1281 1581 1431)
4(1132 1282 1582 1432)
4(1133 1283 1583 1433)
4(1134 1284 1584 1434)
4(1135 1285 1585 1435)
4(1136 1286 1586 1436)
4(1137 1287 1587 1437)
4(1138 1288 1588 1438)
4(1139 1289 1589 1439)
4(1140 1290 1590 1440)
4(1141 1291 1591 1441)
4(1142 1292 1592 1442)
4(1143 1293 1593 1443)
4(1144 1294 1594 1444)
4(1145 1295 1595 1445)
4(1146 1296 1596 1446)
4(1147 1297 1597 1447)
4(1148 1298 1598 1448)
4(1149 1299 1599 1449)
4(1150 1300 1600 1450)
4(1151 1301 1601 1451)
4(1152 1302 1602 1452)
4(0 102 153 51)
4(1153 1303 1603 1453)
4(0 51 52 1)
4(1 52 53 2)
4(2 53 54 3)
4(3 54 55 4)
4(4 55 56 5)
4(5 56 57 6)
4(6 57 58 7)
4(7 58 59 8)
4(8 59 60 9)
4(9 60 61 10)
4(10 61 62 11)
4(11 62 63 12)
4(12 63 64 13)
4(13 64 65 14)
4(14 65 66 15)
4(15 66 67 16)
4(16 67 68 17)
4(17 68 69 18)
4(18 69 70 19)
4(19 70 71 20)
4(20 71 72 21)
4(21 72 73 22)
4(22 73 74 23)
4(23 74 75 24)
4(24 75 76 25)
4(25 76 77 26)
4(26 77 78 27)
4(27 78 79 28)
4(28 79 80 29)
4(29 80 81 30)
4(30 81 82 31)
4(31 82 83 32)
4(32 83 84 33)
4(33 84 85 34)
4(34 85 86 35)
4(35 86 87 36)
4(36 87 88 37)
4(37 88 89 38)
4(38 89 90 39)
4(39 90 91 40)
4(40 91 92 41)
4(41 92 93 42)
4(42 93 94 43)
4(43 94 95 44)
4(44 95 96 45)
4(45 96 97 46)
4(46 97 98 47)
4(47 98 99 48)
4(48 99 100 49)
4(49 100 101 50)
4(50 101 304 204)
4(204 304 305 205)
4(205 305 306 206)
4(206 306 307 207)
4(207 307 308 208)
4(208 308 309 209)
4(209 309 310 210)
4(210 310 311 211)
4(211 311 312 212)
4(212 312 313 213)
4(213 313 314 214)
4(214 314 315 215)
4(215 315 316 216)
4(216 316 317 217)
4(217 317 318 218)
4(218 318 319 219)
4(219 319 320 220)
4(220 320 321 221)
4(221 321 322 222)
4(222 322 323 223)
4(223 323 324 224)
4(224 324 325 225)
4(225 325 326 226)
4(226 326 327 227)
4(227 327 328 228)
4(228 328 329 229)
4(229 329 330 230)
4(230 330 331 231)
4(231 331 332 232)
4(232 332 333 233)
4(233 333 334 234)
4(234 334 335 235)
4(235 335 336 236)
4(236 336 337 237)
4(237 337 338 238)
4(238 338 339 239)
4(239 339 340 240)
4(240 340 341 241)
4(241 341 342 242)
4(242 342 343 243)
4(243 343 344 244)
4(244 344 345 245)
4(245 345 346 246)
4(246 346 347 247)
4(247 347 348 248)
4(248 348 349 249)
4(249 349 350 250)
4(250 350 351 251)
4(251 351 352 252)
4(252 352 353 253)
4(253 353 354 254)
4(254 354 355 255)
4(255 355 356 256)
4(256 356 357 257)
4(257 357 358 258)
4(258 358 359 259)
4(259 359 360 260)
4(260 360 361 261)
4(261 361 362 262)
4(262 362 363 263)
4(263 363 364 264)
4(264 364 365 265)
4(265 365 366 266)
4(266 366 367 267)
4(267 367 368 268)
4(268 368 369 269)
4(269 369 370 270)
4(270 370 371 271)
4(271 371 372 272)
4(272 372 373 273)
4(273 373 374 274)
4(274 374 375 275)
4(275 375 376 276)
4(276 376 377 277)
4(277 377 378 278)
4(278 378 379 279)
4(279 379 380 280)
4(280 380 381 281)
4(281 381 382 282)
4(282 382 383 283)
4(283 383 384 284)
4(284 384 385 285)
4(285 385 386 286)
4(286 386 387 287)
4(287 387 388 288)
4(288 388 389 289)
4(289 389 390 290)
4(290 390 391 291)
4(291 391 392 292)
4(292 392 393 293)
4(293 393 394 294)
4(294 394 395 295)
4(295 395 396 296)
4(296 396 397 297)
4(297 397 398 298)
4(298 398 399 299)
4(299 399 400 300)
4(300 400 401 301)
4(301 401 402 302)
4(302 402 403 303)
4(303 403 704 604)
4(604 704 705 605)
4(605 705 706 606)
4(606 706 707 607)
4(607 707 708 608)
4(608 708 709 609)
4(609 709 710 610)
4(610 710 711 611)
4(611 711 712 612)
4(612 712 713 613)
4(613 713 714 614)
4(614 714 715 615)
4(615 715 716 616)
4(616 716 717 617)
4(617 717 718 618)
4(618 718 719 619)
4(619 719 720 620)
4(620 720 721 621)
4(621 721 722 622)
4(622 722 723 623)
4(623 723 724 624)
4(624 724 725 625)
4(625 725 726 626)
4(626 726 727 627)
4(627 727 728 628)
4(628 728 729 629)
4(629 729 730 630)
4(630 730 731 631)
4(631 731 732 632)
4(632 732 733 633)
4(633 733 734 634)
4(634 734 735 635)
4(635 735 736 636)
4(636 736 737 637)
4(637 737 738 638)
4(638 738 739 639)
4(639 739 740 640)
4(640 740 741 641)
4(641 741 742 642)
4(642 742 743 643)
4(643 743 744 644)
4(644 744 745 645)
4(645 745 746 646)
4(646 746 747 647)
4(647 747 748 648)
4(648 748 749 649)
4(649 749 750 650)
4(650 750 751 651)
4(651 751 752 652)
4(652 752 753 653)
4(653 753 754 654)
4(654 754 755 655)
4(655 755 756 656)
4(656 756 757 657)
4(657 757 758 658)
4(658 758 759 659)
4(659 759 760 660)
4(660 760 761 661)
4(661 761 762 662)
4(662 762 763 663)
4(663 763 764 664)
4(664 764 765 665)
4(665 765 766 666)
4(666 766 767 667)
4(667 767 768 668)
4(668 768 769 669)
4(669 769 770 670)
4(670 770 771 671)
4(671 771 772 672)
4(672 772 773 673)
4(673 773 774 674)
4(674 774 775 675)
4(675 775 776 676)
4(676 776 777 677)
4(677 777 778 678)
4(678 778 779 679)
4(679 779 780 680)
4(680 780 781 681)
4(681 781 782 682)
4(682 782 783 683)
4(683 783 784 684)
4(684 784 785 685)
4(685 785 786 686)
4(686 786 787 687)
4(687 787 788 688)
4(688 788 789 689)
4(689 789 790 690)
4(690 790 791 691)
4(691 791 792 692)
4(692 792 793 693)
4(693 793 794 694)
4(694 794 795 695)
4(695 795 796 696)
4(696 796 797 697)
4(697 797 798 698)
4(698 798 799 699)
4(699 799 800 700)
4(700 800 801 701)
4(701 801 802 702)
4(702 802 803 703)
4(703 803 1154 1004)
4(1004 1154 1155 1005)
4(1005 1155 1156 1006)
4(1006 1156 1157 1007)
4(1007 1157 1158 1008)
4(1008 1158 1159 1009)
4(1009 1159 1160 1010)
4(1010 1160 1161 1011)
4(1011 1161 1162 1012)
4(1012 1162 1163 1013)
4(1013 1163 1164 1014)
4(1014 1164 1165 1015)
4(1015 1165 1166 1016)
4(1016 1166 1167 1017)
4(1017 1167 1168 1018)
4(1018 1168 1169 1019)
4(1019 1169 1170 1020)
4(1020 1170 1171 1021)
4(1021 1171 1172 1022)
4(1022 1172 1173 1023)
4(1023 1173 1174 1024)
4(1024 1174 1175 1025)
4(1025 1175 1176 1026)
4(1026 1176 1177 1027)
4(1027 1177 1178 1028)
4(1028 1178 1179 1029)
4(1029 1179 1180 1030)
4(1030 1180 1181 1031)
4(1031 1181 1182 1032)
4(1032 1182 1183 1033)
4(1033 1183 1184 1034)
4(1034 1184 1185 1035)
4(1035 1185 1186 1036)
4(1036 1186 1187 1037)
4(1037 1187 1188 1038)
4(1038 1188 1189 1039)
4(1039 1189 1190 1040)
4(1040 1190 1191 1041)
4(1041 1191 1192 1042)
4(1042 1192 1193 1043)
4(1043 1193 1194 1044)
4(1044 1194 1195 1045)
4(1045 1195 1196 1046)
4(1046 1196 1197 1047)
4(1047 1197 1198 1048)
4(1048 1198 1199 1049)
4(1049 1199 1200 1050)
4(1050 1200 1201 1051)
4(1051 1201 1202 1052)
4(1052 1202 1203 1053)
4(1053 1203 1204 1054)
4(1054 1204 1205 1055)
4(1055 1205 1206 1056)
4(1056 1206 1207 1057)
4(1057 1207 1208 1058)
4(1058 1208 1209 1059)
4(1059 1209 1210 1060)
4(1060 1210 1211 1061)
4(1061 1211 1212 1062)
4(1062 1212 1213 1063)
4(1063 1213 1214 1064)
4(1064 1214 1215 1065)
4(1065 1215 1216 1066)
4(1066 1216 1217 1067)
4(1067 1217 1218 1068)
4(1068 1218 1219 1069)
4(1069 1219 1220 1070)
4(1070 1220 1221 1071)
4(1071 1221 1222 1072)
4(1072 1222 1223 1073)
4(1073 1223 1224 1074)
4(1074 1224 1225 1075)
4(1075 1225 1226 1076)
4(1076 1226 1227 1077)
4(1077 1227 1228 1078)
4(1078 1228 1229 1079)
4(1079 1229 1230 1080)
4(1080 1230 1231 1081)
4(1081 1231 1232 1082)
4(1082 1232 1233 1083)
4(1083 1233 1234 1084)
4(1084 1234 1235 1085)
4(1085 1235 1236 1086)
4(1086 1236 1237 1087)
4(1087 1237 1238 1088)
4(1088 1238 1239 1089)
4(1089 1239 1240 1090)
4(1090 1240 1241 1091)
4(1091 1241 1242 1092)
4(1092 1242 1243 1093)
4(1093 1243 1244 1094)
4(1094 1244 1245 1095)
4(1095 1245 1246 1096)
4(1096 1246 1247 1097)
4(1097 1247 1248 1098)
4(1098 1248 1249 1099)
4(1099 1249 1250 1100)
4(1100 1250 1251 1101)
4(1101 1251 1252 1102)
4(1102 1252 1253 1103)
4(1103 1253 1254 1104)
4(1104 1254 1255 1105)
4(1105 1255 1256 1106)
4(1106 1256 1257 1107)
4(1107 1257 1258 1108)
4(1108 1258 1259 1109)
4(1109 1259 1260 1110)
4(1110 1260 1261 1111)
4(1111 1261 1262 1112)
4(1112 1262 1263 1113)
4(1113 1263 1264 1114)
4(1114 1264 1265 1115)
4(1115 1265 1266 1116)
4(1116 1266 1267 1117)
4(1117 1267 1268 1118)
4(1118 1268 1269 1119)
4(1119 1269 1270 1120)
4(1120 1270 1271 1121)
4(1121 1271 1272 1122)
4(1122 1272 1273 1123)
4(1123 1273 1274 1124)
4(1124 1274 1275 1125)
4(1125 1275 1276 1126)
4(1126 1276 1277 1127)
4(1127 1277 1278 1128)
4(1128 1278 1279 1129)
4(1129 1279 1280 1130)
4(1130 1280 1281 1131)
4(1131 1281 1282 1132)
4(1132 1282 1283 1133)
4(1133 1283 1284 1134)
4(1134 1284 1285 1135)
4(1135 1285 1286 1136)
4(1136 1286 1287 1137)
4(1137 1287 1288 1138)
4(1138 1288 1289 1139)
4(1139 1289 1290 1140)
4(1140 1290 1291 1141)
4(1141 1291 1292 1142)
4(1142 1292 1293 1143)
4(1143 1293 1294 1144)
4(1144 1294 1295 1145)
4(1145 1295 1296 1146)
4(1146 1296 1297 1147)
4(1147 1297 1298 1148)
4(1148 1298 1299 1149)
4(1149 1299 1300 1150)
4(1150 1300 1301 1151)
4(1151 1301 1302 1152)
4(1152 1302 1303 1153)
4(102 103 154 153)
4(103 104 155 154)
4(104 105 156 155)
4(105 106 157 156)
4(106 107 158 157)
4(107 108 159 158)
4(108 109 160 159)
4(109 110 161 160)
4(110 111 162 161)
4(111 112 163 162)
4(112 113 164 163)
4(113 114 165 164)
4(114 115 166 165)
4(115 116 167 166)
4(116 117 168 167)
4(117 118 169 168)
4(118 119 170 169)
4(119 120 171 170)
4(120 121 172 171)
4(121 122 173 172)
4(122 123 174 173)
4(123 124 175 174)
4(124 125 176 175)
4(125 126 177 176)
4(126 127 178 177)
4(127 128 179 178)
4(128 129 180 179)
4(129 130 181 180)
4(130 131 182 181)
4(131 132 183 182)
4(132 133 184 183)
4(133 134 185 184)
4(134 135 186 185)
4(135 136 187 186)
4(136 137 188 187)
4(137 138 189 188)
4(138 139 190 189)
4(139 140 191 190)
4(140 141 192 191)
4(141 142 193 192)
4(142 143 194 193)
4(143 144 195 194)
4(144 145 196 195)
4(145 146 197 196)
4(146 147 198 197)
4(147 148 199 198)
4(148 149 200 199)
4(149 150 201 200)
4(150 151 202 201)
4(151 152 203 202)
4(152 404 504 203)
4(404 405 505 504)
4(405 406 506 505)
4(406 407 507 506)
4(407 408 508 507)
4(408 409 509 508)
4(409 410 510 509)
4(410 411 511 510)
4(411 412 512 511)
4(412 413 513 512)
4(413 414 514 513)
4(414 415 515 514)
4(415 416 516 515)
4(416 417 517 516)
4(417 418 518 517)
4(418 419 519 518)
4(419 420 520 519)
4(420 421 521 520)
4(421 422 522 521)
4(422 423 523 522)
4(423 424 524 523)
4(424 425 525 524)
4(425 426 526 525)
4(426 427 527 526)
4(427 428 528 527)
4(428 429 529 528)
4(429 430 530 529)
4(430 431 531 530)
4(431 432 532 531)
4(432 433 533 532)
4(433 434 534 533)
4(434 435 535 534)
4(435 436 536 535)
4(436 437 537 536)
4(437 438 538 537)
4(438 439 539 538)
4(439 440 540 539)
4(440 441 541 540)
4(441 442 542 541)
4(442 443 543 542)
4(443 444 544 543)
4(444 445 545 544)
4(445 446 546 545)
4(446 447 547 546)
4(447 448 548 547)
4(448 449 549 548)
4(449 450 550 549)
4(450 451 551 550)
4(451 452 552 551)
4(452 453 553 552)
4(453 454 554 553)
4(454 455 555 554)
4(455 456 556 555)
4(456 457 557 556)
4(457 458 558 557)
4(458 459 559 558)
4(459 460 560 559)
4(460 461 561 560)
4(461 462 562 561)
4(462 463 563 562)
4(463 464 564 563)
4(464 465 565 564)
4(465 466 566 565)
4(466 467 567 566)
4(467 468 568 567)
4(468 469 569 568)
4(469 470 570 569)
4(470 471 571 570)
4(471 472 572 571)
4(472 473 573 572)
4(473 474 574 573)
4(474 475 575 574)
4(475 476 576 575)
4(476 477 577 576)
4(477 478 578 577)
4(478 479 579 578)
4(479 480 580 579)
4(480 481 581 580)
4(481 482 582 581)
4(482 483 583 582)
4(483 484 584 583)
4(484 485 585 584)
4(485 486 586 585)
4(486 487 587 586)
4(487 488 588 587)
4(488 489 589 588)
4(489 490 590 589)
4(490 491 591 590)
4(491 492 592 591)
4(492 493 593 592)
4(493 494 594 593)
4(494 495 595 594)
4(495 496 596 595)
4(496 497 597 596)
4(497 498 598 597)
4(498 499 599 598)
4(499 500 600 599)
4(500 501 601 600)
4(501 502 602 601)
4(502 503 603 602)
4(503 804 904 603)
4(804 805 905 904)
4(805 806 906 905)
4(806 807 907 906)
4(807 808 908 907)
4(808 809 909 908)
4(809 810 910 909)
4(810 811 911 910)
4(811 812 912 911)
4(812 813 913 912)
4(813 814 914 913)
4(814 815 915 914)
4(815 816 916 915)
4(816 817 917 916)
4(817 818 918 917)
4(818 819 919 918)
4(819 820 920 919)
4(820 821 921 920)
4(821 822 922 921)
4(822 823 923 922)
4(823 824 924 923)
4(824 825 925 924)
4(825 826 926 925)
4(826 827 927 926)
4(827 828 928 927)
4(828 829 929 928)
4(829 830 930 929)
4(830 831 931 930)
4(831 832 932 931)
4(832 833 933 932)
4(833 834 934 933)
4(834 835 935 934)
4(835 836 936 935)
4(836 837 937 936)
4(837 838 938 937)
4(838 839 939 938)
4(839 840 940 939)
4(840 841 941 940)
4(841 842 942 941)
4(842 843 943 942)
4(843 844 944 943)
4(844 845 945 944)
4(845 846 946 945)
4(846 847 947 946)
4(847 848 948 947)
4(848 849 949 948)
4(849 850 950 949)
4(850 851 951 950)
4(851 852 952 951)
4(852 853 953 952)
4(853 854 954 953)
4(854 855 955 954)
4(855 856 956 955)
4(856 857 957 956)
4(857 858 958 957)
4(858 859 959 958)
4(859 860 960 959)
4(860 861 961 960)
4(861 862 962 961)
4(862 863 963 962)
4(863 864 964 963)
4(864 865 965 964)
4(865 866 966 965)
4(866 867 967 966)
4(867 868 968 967)
4(868 869 969 968)
4(869 870 970 969)
4(870 871 971 970)
4(871 872 972 971)
4(872 873 973 972)
4(873 874 974 973)
4(874 875 975 974)
4(875 876 976 975)
4(876 877 977 976)
4(877 878 978 977)
4(878 879 979 978)
4(879 880 980 979)
4(880 881 981 980)
4(881 882 982 981)
4(882 883 983 982)
4(883 884 984 983)
4(884 885 985 984)
4(885 886 986 985)
4(886 887 987 986)
4(887 888 988 987)
4(888 889 989 988)
4(889 890 990 989)
4(890 891 991 990)
4(891 892 992 991)
4(892 893 993 992)
4(893 894 994 993)
4(894 895 995 994)
4(895 896 996 995)
4(896 897 997 996)
4(897 898 998 997)
4(898 899 999 998)
4(899 900 1000 999)
4(900 901 1001 1000)
4(901 902 1002 1001)
4(902 903 1003 1002)
4(903 1304 1454 1003)
4(1304 1305 1455 1454)
4(1305 1306 1456 1455)
4(1306 1307 1457 1456)
4(1307 1308 1458 1457)
4(1308 1309 1459 1458)
4(1309 1310 1460 1459)
4(1310 1311 1461 1460)
4(1311 1312 1462 1461)
4(1312 1313 1463 1462)
4(1313 1314 1464 1463)
4(1314 1315 1465 1464)
4(1315 1316 1466 1465)
4(1316 1317 1467 1466)
4(1317 1318 1468 1467)
4(1318 1319 1469 1468)
4(1319 1320 1470 1469)
4(1320 1321 1471 1470)
4(1321 1322 1472 1471)
4(1322 1323 1473 1472)
4(1323 1324 1474 1473)
4(1324 1325 1475 1474)
4(1325 1326 1476 1475)
4(1326 1327 1477 1476)
4(1327 1328 1478 1477)
4(1328 1329 1479 1478)
4(1329 1330 1480 1479)
4(1330 1331 1481 1480)
4(1331 1332 1482 1481)
4(1332 1333 1483 1482)
4(1333 1334 1484 1483)
4(1334 1335 1485 1484)
4(1335 1336 1486 1485)
4(1336 1337 1487 1486)
4(1337 1338 1488 1487)
4(1338 1339 1489 1488)
4(1339 1340 1490 1489)
4(1340 1341 1491 1490)
4(1341 1342 1492 1491)
4(1342 1343 1493 1492)
4(1343 1344 1494 1493)
4(1344 1345 1495 1494)
4(1345 1346 1496 1495)
4(1346 1347 1497 1496)
4(1347 1348 1498 1497)
4(1348 1349 1499 1498)
4(1349 1350 1500 1499)
4(1350 1351 1501 1500)
4(1351 1352 1502 1501)
4(1352 1353 1503 1502)
4(1353 1354 1504 1503)
4(1354 1355 1505 1504)
4(1355 1356 1506 1505)
4(1356 1357 1507 1506)
4(1357 1358 1508 1507)
4(1358 1359 1509 1508)
4(1359 1360 1510 1509)
4(1360 1361 1511 1510)
4(1361 1362 1512 1511)
4(1362 1363 1513 1512)
4(1363 1364 1514 1513)
4(1364 1365 1515 1514)
4(1365 1366 1516 1515)
4(1366 1367 1517 1516)
4(1367 1368 1518 1517)
4(1368 1369 1519 1518)
4(1369 1370 1520 1519)
4(1370 1371 1521 1520)
4(1371 1372 1522 1521)
4(1372 1373 1523 1522)
4(1373 1374 1524 1523)
4(1374 1375 1525 1524)
4(1375 1376 1526 1525)
4(1376 1377 1527 1526)
4(1377 1378 1528 1527)
4(1378 1379 1529 1528)
4(1379 1380 1530 1529)
4(1380 1381 1531 1530)
4(1381 1382 1532 1531)
4(1382 1383 1533 1532)
4(1383 1384 1534 1533)
4(1384 1385 1535 1534)
4(1385 1386 1536 1535)
4(1386 1387 1537 1536)
4(1387 1388 1538 1537)
4(1388 1389 1539 1538)
4(1389 1390 1540 1539)
4(1390 1391 1541 1540)
4(1391 1392 1542 1541)
4(1392 1393 1543 1542)
4(1393 1394 1544 1543)
4(1394 1395 1545 1544)
4(1395 1396 1546 1545)
4(1396 1397 1547 1546)
4(1397 1398 1548 1547)
4(1398 1399 1549 1548)
4(1399 1400 1550 1549)
4(1400 1401 1551 1550)
4(1401 1402 1552 1551)
4(1402 1403 1553 1552)
4(1403 1404 1554 1553)
4(1404 1405 1555 1554)
4(1405 1406 1556 1555)
4(1406 1407 1557 1556)
4(1407 1408 1558 1557)
4(1408 1409 1559 1558)
4(1409 1410 1560 1559)
4(1410 1411 1561 1560)
4(1411 1412 1562 1561)
4(1412 1413 1563 1562)
4(1413 1414 1564 1563)
4(1414 1415 1565 1564)
4(1415 1416 1566 1565)
4(1416 1417 1567 1566)
4(1417 1418 1568 1567)
4(1418 1419 1569 1568)
4(1419 1420 1570 1569)
4(1420 1421 1571 1570)
4(1421 1422 1572 1571)
4(1422 1423 1573 1572)
4(1423 1424 1574 1573)
4(1424 1425 1575 1574)
4(1425 1426 1576 1575)
4(1426 1427 1577 1576)
4(1427 1428 1578 1577)
4(1428 1429 1579 1578)
4(1429 1430 1580 1579)
4(1430 1431 1581 1580)
4(1431 1432 1582 1581)
4(1432 1433 1583 1582)
4(1433 1434 1584 1583)
4(1434 1435 1585 1584)
4(1435 1436 1586 1585)
4(1436 1437 1587 1586)
4(1437 1438 1588 1587)
4(1438 1439 1589 1588)
4(1439 1440 1590 1589)
4(1440 1441 1591 1590)
4(1441 1442 1592 1591)
4(1442 1443 1593 1592)
4(1443 1444 1594 1593)
4(1444 1445 1595 1594)
4(1445 1446 1596 1595)
4(1446 1447 1597 1596)
4(1447 1448 1598 1597)
4(1448 1449 1599 1598)
4(1449 1450 1600 1599)
4(1450 1451 1601 1600)
4(1451 1452 1602 1601)
4(1452 1453 1603 1602)
4(51 153 154 52)
4(52 154 155 53)
4(53 155 156 54)
4(54 156 157 55)
4(55 157 158 56)
4(56 158 159 57)
4(57 159 160 58)
4(58 160 161 59)
4(59 161 162 60)
4(60 162 163 61)
4(61 163 164 62)
4(62 164 165 63)
4(63 165 166 64)
4(64 166 167 65)
4(65 167 168 66)
4(66 168 169 67)
4(67 169 170 68)
4(68 170 171 69)
4(69 171 172 70)
4(70 172 173 71)
4(71 173 174 72)
4(72 174 175 73)
4(73 175 176 74)
4(74 176 177 75)
4(75 177 178 76)
4(76 178 179 77)
4(77 179 180 78)
4(78 180 181 79)
4(79 181 182 80)
4(80 182 183 81)
4(81 183 184 82)
4(82 184 185 83)
4(83 185 186 84)
4(84 186 187 85)
4(85 187 188 86)
4(86 188 189 87)
4(87 189 190 88)
4(88 190 191 89)
4(89 191 192 90)
4(90 192 193 91)
4(91 193 194 92)
4(92 194 195 93)
4(93 195 196 94)
4(94 196 197 95)
4(95 197 198 96)
4(96 198 199 97)
4(97 199 200 98)
4(98 200 201 99)
4(99 201 202 100)
4(100 202 203 101)
4(101 203 504 304)
4(304 504 505 305)
4(305 505 506 306)
4(306 506 507 307)
4(307 507 508 308)
4(308 508 509 309)
4(309 509 510 310)
4(310 510 511 311)
4(311 511 512 312)
4(312 512 513 313)
4(313 513 514 314)
4(314 514 515 315)
4(315 515 516 316)
4(316 516 517 317)
4(317 517 518 318)
4(318 518 519 319)
4(319 519 520 320)
4(320 520 521 321)
4(321 521 522 322)
4(322 522 523 323)
4(323 523 524 324)
4(324 524 525 325)
4(325 525 526 326)
4(326 526 527 327)
4(327 527 528 328)
4(328 528 529 329)
4(329 529 530 330)
4(330 530 531 331)
4(331 531 532 332)
4(332 532 533 333)
4(333 533 534 334)
4(334 534 535 335)
4(335 535 536 336)
4(336 536 537 337)
4(337 537 538 338)
4(338 538 539 339)
4(339 539 540 340)
4(340 540 541 341)
4(341 541 542 342)
4(342 542 543 343)
4(343 543 544 344)
4(344 544 545 345)
4(345 545 546 346)
4(346 546 547 347)
4(347 547 548 348)
4(348 548 549 349)
4(349 549 550 350)
4(350 550 551 351)
4(351 551 552 352)
4(352 552 553 353)
4(353 553 554 354)
4(354 554 555 355)
4(355 555 556 356)
4(356 556 557 357)
4(357 557 558 358)
4(358 558 559 359)
4(359 559 560 360)
4(360 560 561 361)
4(361 561 562 362)
4(362 562 563 363)
4(363 563 564 364)
4(364 564 565 365)
4(365 565 566 366)
4(366 566 567 367)
4(367 567 568 368)
4(368 568 569 369)
4(369 569 570 370)
4(370 570 571 371)
4(371 571 572 372)
4(372 572 573 373)
4(373 573 574 374)
4(374 574 575 375)
4(375 575 576 376)
4(376 576 577 377)
4(377 577 578 378)
4(378 578 579 379)
4(379 579 580 380)
4(380 580 581 381)
4(381 581 582 382)
4(382 582 583 383)
4(383 583 584 384)
4(384 584 585 385)
4(385 585 586 386)
4(386 586 587 387)
4(387 587 588 388)
4(388 588 589 389)
4(389 589 590 390)
4(390 590 591 391)
4(391 591 592 392)
4(392 592 593 393)
4(393 593 594 394)
4(394 594 595 395)
4(395 595 596 396)
4(396 596 597 397)
4(397 597 598 398)
4(398 598 599 399)
4(399 599 600 400)
4(400 600 601 401)
4(401 601 602 402)
4(402 602 603 403)
4(403 603 904 704)
4(704 904 905 705)
4(705 905 906 706)
4(706 906 907 707)
4(707 907 908 708)
4(708 908 909 709)
4(709 909 910 710)
4(710 910 911 711)
4(711 911 912 712)
4(712 912 913 713)
4(713 913 914 714)
4(714 914 915 715)
4(715 915 916 716)
4(716 916 917 717)
4(717 917 918 718)
4(718 918 919 719)
4(719 919 920 720)
4(720 920 921 721)
4(721 921 922 722)
4(722 922 923 723)
4(723 923 924 724)
4(724 924 925 725)
4(725 925 926 726)
4(726 926 927 727)
4(727 927 928 728)
4(728 928 929 729)
4(729 929 930 730)
4(730 930 931 731)
4(731 931 932 732)
4(732 932 933 733)
4(733 933 934 734)
4(734 934 935 735)
4(735 935 936 736)
4(736 936 937 737)
4(737 937 938 738)
4(738 938 939 739)
4(739 939 940 740)
4(740 940 941 741)
4(741 941 942 742)
4(742 942 943 743)
4(743 943 944 744)
4(744 944 945 745)
4(745 945 946 746)
4(746 946 947 747)
4(747 947 948 748)
4(748 948 949 749)
4(749 949 950 750)
4(750 950 951 751)
4(751 951 952 752)
4(752 952 953 753)
4(753 953 954 754)
4(754 954 955 755)
4(755 955 956 756)
4(756 956 957 757)
4(757 957 958 758)
4(758 958 959 759)
4(759 959 960 760)
4(760 960 961 761)
4(761 961 962 762)
4(762 962 963 763)
4(763 963 964 764)
4(764 964 965 765)
4(765 965 966 766)
4(766 966 967 767)
4(767 967 968 768)
4(768 968 969 769)
4(769 969 970 770)
4(770 970 971 771)
4(771 971 972 772)
4(772 972 973 773)
4(773 973 974 774)
4(774 974 975 775)
4(775 975 976 776)
4(776 976 977 777)
4(777 977 978 778)
4(778 978 979 779)
4(779 979 980 780)
4(780 980 981 781)
4(781 981 982 782)
4(782 982 983 783)
4(783 983 984 784)
4(784 984 985 785)
4(785 985 986 786)
4(786 986 987 787)
4(787 987 988 788)
4(788 988 989 789)
4(789 989 990 790)
4(790 990 991 791)
4(791 991 992 792)
4(792 992 993 793)
4(793 993 994 794)
4(794 994 995 795)
4(795 995 996 796)
4(796 996 997 797)
4(797 997 998 798)
4(798 998 999 799)
4(799 999 1000 800)
4(800 1000 1001 801)
4(801 1001 1002 802)
4(802 1002 1003 803)
4(803 1003 1454 1154)
4(1154 1454 1455 1155)
4(1155 1455 1456 1156)
4(1156 1456 1457 1157)
4(1157 1457 1458 1158)
4(1158 1458 1459 1159)
4(1159 1459 1460 1160)
4(1160 1460 1461 1161)
4(1161 1461 1462 1162)
4(1162 1462 1463 1163)
4(1163 1463 1464 1164)
4(1164 1464 1465 1165)
4(1165 1465 1466 1166)
4(1166 1466 1467 1167)
4(1167 1467 1468 1168)
4(1168 1468 1469 1169)
4(1169 1469 1470 1170)
4(1170 1470 1471 1171)
4(1171 1471 1472 1172)
4(1172 1472 1473 1173)
4(1173 1473 1474 1174)
4(1174 1474 1475 1175)
4(1175 1475 1476 1176)
4(1176 1476 1477 1177)
4(1177 1477 1478 1178)
4(1178 1478 1479 1179)
4(1179 1479 1480 1180)
4(1180 1480 1481 1181)
4(1181 1481 1482 1182)
4(1182 1482 1483 1183)
4(1183 1483 1484 1184)
4(1184 1484 1485 1185)
4(1185 1485 1486 1186)
4(1186 1486 1487 1187)
4(1187 1487 1488 1188)
4(1188 1488 1489 1189)
4(1189 1489 1490 1190)
4(1190 1490 1491 1191)
4(1191 1491 1492 1192)
4(1192 1492 1493 1193)
4(1193 1493 1494 1194)
4(1194 1494 1495 1195)
4(1195 1495 1496 1196)
4(1196 1496 1497 1197)
4(1197 1497 1498 1198)
4(1198 1498 1499 1199)
4(1199 1499 1500 1200)
4(1200 1500 1501 1201)
4(1201 1501 1502 1202)
4(1202 1502 1503 1203)
4(1203 1503 1504 1204)
4(1204 1504 1505 1205)
4(1205 1505 1506 1206)
4(1206 1506 1507 1207)
4(1207 1507 1508 1208)
4(1208 1508 1509 1209)
4(1209 1509 1510 1210)
4(1210 1510 1511 1211)
4(1211 1511 1512 1212)
4(1212 1512 1513 1213)
4(1213 1513 1514 1214)
4(1214 1514 1515 1215)
4(1215 1515 1516 1216)
4(1216 1516 1517 1217)
4(1217 1517 1518 1218)
4(1218 1518 1519 1219)
4(1219 1519 1520 1220)
4(1220 1520 1521 1221)
4(1221 1521 1522 1222)
4(1222 1522 1523 1223)
4(1223 1523 1524 1224)
4(1224 1524 1525 1225)
4(1225 1525 1526 1226)
4(1226 1526 1527 1227)
4(1227 1527 1528 1228)
4(1228 1528 1529 1229)
4(1229 1529 1530 1230)
4(1230 1530 1531 1231)
4(1231 1531 1532 1232)
4(1232 1532 1533 1233)
4(1233 1533 1534 1234)
4(1234 1534 1535 1235)
4(1235 1535 1536 1236)
4(1236 1536 1537 1237)
4(1237 1537 1538 1238)
4(1238 1538 1539 1239)
4(1239 1539 1540 1240)
4(1240 1540 1541 1241)
4(1241 1541 1542 1242)
4(1242 1542 1543 1243)
4(1243 1543 1544 1244)
4(1244 1544 1545 1245)
4(1245 1545 1546 1246)
4(1246 1546 1547 1247)
4(1247 1547 1548 1248)
4(1248 1548 1549 1249)
4(1249 1549 1550 1250)
4(1250 1550 1551 1251)
4(1251 1551 1552 1252)
4(1252 1552 1553 1253)
4(1253 1553 1554 1254)
4(1254 1554 1555 1255)
4(1255 1555 1556 1256)
4(1256 1556 1557 1257)
4(1257 1557 1558 1258)
4(1258 1558 1559 1259)
4(1259 1559 1560 1260)
4(1260 1560 1561 1261)
4(1261 1561 1562 1262)
4(1262 1562 1563 1263)
4(1263 1563 1564 1264)
4(1264 1564 1565 1265)
4(1265 1565 1566 1266)
4(1266 1566 1567 1267)
4(1267 1567 1568 1268)
4(1268 1568 1569 1269)
4(1269 1569 1570 1270)
4(1270 1570 1571 1271)
4(1271 1571 1572 1272)
4(1272 1572 1573 1273)
4(1273 1573 1574 1274)
4(1274 1574 1575 1275)
4(1275 1575 1576 1276)
4(1276 1576 1577 1277)
4(1277 1577 1578 1278)
4(1278 1578 1579 1279)
4(1279 1579 1580 1280)
4(1280 1580 1581 1281)
4(1281 1581 1582 1282)
4(1282 1582 1583 1283)
4(1283 1583 1584 1284)
4(1284 1584 1585 1285)
4(1285 1585 1586 1286)
4(1286 1586 1587 1287)
4(1287 1587 1588 1288)
4(1288 1588 1589 1289)
4(1289 1589 1590 1290)
4(1290 1590 1591 1291)
4(1291 1591 1592 1292)
4(1292 1592 1593 1293)
4(1293 1593 1594 1294)
4(1294 1594 1595 1295)
4(1295 1595 1596 1296)
4(1296 1596 1597 1297)
4(1297 1597 1598 1298)
4(1298 1598 1599 1299)
4(1299 1599 1600 1300)
4(1300 1600 1601 1301)
4(1301 1601 1602 1302)
4(1302 1602 1603 1303)
4(0 1 103 102)
4(1 2 104 103)
4(2 3 105 104)
4(3 4 106 105)
4(4 5 107 106)
4(5 6 108 107)
4(6 7 109 108)
4(7 8 110 109)
4(8 9 111 110)
4(9 10 112 111)
4(10 11 113 112)
4(11 12 114 113)
4(12 13 115 114)
4(13 14 116 115)
4(14 15 117 116)
4(15 16 118 117)
4(16 17 119 118)
4(17 18 120 119)
4(18 19 121 120)
4(19 20 122 121)
4(20 21 123 122)
4(21 22 124 123)
4(22 23 125 124)
4(23 24 126 125)
4(24 25 127 126)
4(25 26 128 127)
4(26 27 129 128)
4(27 28 130 129)
4(28 29 131 130)
4(29 30 132 131)
4(30 31 133 132)
4(31 32 134 133)
4(32 33 135 134)
4(33 34 136 135)
4(34 35 137 136)
4(35 36 138 137)
4(36 37 139 138)
4(37 38 140 139)
4(38 39 141 140)
4(39 40 142 141)
4(40 41 143 142)
4(41 42 144 143)
4(42 43 145 144)
4(43 44 146 145)
4(44 45 147 146)
4(45 46 148 147)
4(46 47 149 148)
4(47 48 150 149)
4(48 49 151 150)
4(49 50 152 151)
4(50 204 404 152)
4(204 205 405 404)
4(205 206 406 405)
4(206 207 407 406)
4(207 208 408 407)
4(208 209 409 408)
4(209 210 410 409)
4(210 211 411 410)
4(211 212 412 411)
4(212 213 413 412)
4(213 214 414 413)
4(214 215 415 414)
4(215 216 416 415)
4(216 217 417 416)
4(217 218 418 417)
4(218 219 419 418)
4(219 220 420 419)
4(220 221 421 420)
4(221 222 422 421)
4(222 223 423 422)
4(223 224 424 423)
4(224 225 425 424)
4(225 226 426 425)
4(226 227 427 426)
4(227 228 428 427)
4(228 229 429 428)
4(229 230 430 429)
4(230 231 431 430)
4(231 232 432 431)
4(232 233 433 432)
4(233 234 434 433)
4(234 235 435 434)
4(235 236 436 435)
4(236 237 437 436)
4(237 238 438 437)
4(238 239 439 438)
4(239 240 440 439)
4(240 241 441 440)
4(241 242 442 441)
4(242 243 443 442)
4(243 244 444 443)
4(244 245 445 444)
4(245 246 446 445)
4(246 247 447 446)
4(247 248 448 447)
4(248 249 449 448)
4(249 250 450 449)
4(250 251 451 450)
4(251 252 452 451)
4(252 253 453 452)
4(253 254 454 453)
4(254 255 455 454)
4(255 256 456 455)
4(256 257 457 456)
4(257 258 458 457)
4(258 259 459 458)
4(259 260 460 459)
4(260 261 461 460)
4(261 262 462 461)
4(262 263 463 462)
4(263 264 464 463)
4(264 265 465 464)
4(265 266 466 465)
4(266 267 467 466)
4(267 268 468 467)
4(268 269 469 468)
4(269 270 470 469)
4(270 271 471 470)
4(271 272 472 471)
4(272 273 473 472)
4(273 274 474 473)
4(274 275 475 474)
4(275 276 476 475)
4(276 277 477 476)
4(277 278 478 477)
4(278 279 479 478)
4(279 280 480 479)
4(280 281 481 480)
4(281 282 482 481)
4(282 283 483 482)
4(283 284 484 483)
4(284 285 485 484)
4(285 286 486 485)
4(286 287 487 486)
4(287 288 488 487)
4(288 289 489 488)
4(289 290 490 489)
4(290 291 491 490)
4(291 292 492 491)
4(292 293 493 492)
4(293 294 494 493)
4(294 295 495 494)
4(295 296 496 495)
4(296 297 497 496)
4(297 298 498 497)
4(298 299 499 498)
4(299 300 500 499)
4(300 301 501 500)
4(301 302 502 501)
4(302 303 503 502)
4(303 604 804 503)
4(604 605 805 804)
4(605 606 806 805)
4(606 607 807 806)
4(607 608 808 807)
4(608 609 809 808)
4(609 610 810 809)
4(610 611 811 810)
4(611 612 812 811)
4(612 613 813 812)
4(613 614 814 813)
4(614 615 815 814)
4(615 616 816 815)
4(616 617 817 816)
4(617 618 818 817)
4(618 619 819 818)
4(619 620 820 819)
4(620 621 821 820)
4(621 622 822 821)
4(622 623 823 822)
4(623 624 824 823)
4(624 625 825 824)
4(625 626 826 825)
4(626 627 827 826)
4(627 628 828 827)
4(628 629 829 828)
4(629 630 830 829)
4(630 631 831 830)
4(631 632 832 831)
4(632 633 833 832)
4(633 634 834 833)
4(634 635 835 834)
4(635 636 836 835)
4(636 637 837 836)
4(637 638 838 837)
4(638 639 839 838)
4(639 640 840 839)
4(640 641 841 840)
4(641 642 842 841)
4(642 643 843 842)
4(643 644 844 843)
4(644 645 845 844)
4(645 646 846 845)
4(646 647 847 846)
4(647 648 848 847)
4(648 649 849 848)
4(649 650 850 849)
4(650 651 851 850)
4(651 652 852 851)
4(652 653 853 852)
4(653 654 854 853)
4(654 655 855 854)
4(655 656 856 855)
4(656 657 857 856)
4(657 658 858 857)
4(658 659 859 858)
4(659 660 860 859)
4(660 661 861 860)
4(661 662 862 861)
4(662 663 863 862)
4(663 664 864 863)
4(664 665 865 864)
4(665 666 866 865)
4(666 667 867 866)
4(667 668 868 867)
4(668 669 869 868)
4(669 670 870 869)
4(670 671 871 870)
4(671 672 872 871)
4(672 673 873 872)
4(673 674 874 873)
4(674 675 875 874)
4(675 676 876 875)
4(676 677 877 876)
4(677 678 878 877)
4(678 679 879 878)
4(679 680 880 879)
4(680 681 881 880)
4(681 682 882 881)
4(682 683 883 882)
4(683 684 884 883)
4(684 685 885 884)
4(685 686 886 885)
4(686 687 887 886)
4(687 688 888 887)
4(688 689 889 888)
4(689 690 890 889)
4(690 691 891 890)
4(691 692 892 891)
4(692 693 893 892)
4(693 694 894 893)
4(694 695 895 894)
4(695 696 896 895)
4(696 697 897 896)
4(697 698 898 897)
4(698 699 899 898)
4(699 700 900 899)
4(700 701 901 900)
4(701 702 902 901)
4(702 703 903 902)
4(703 1004 1304 903)
4(1004 1005 1305 1304)
4(1005 1006 1306 1305)
4(1006 1007 1307 1306)
4(1007 1008 1308 1307)
4(1008 1009 1309 1308)
4(1009 1010 1310 1309)
4(1010 1011 1311 1310)
4(1011 1012 1312 1311)
4(1012 1013 1313 1312)
4(1013 1014 1314 1313)
4(1014 1015 1315 1314)
4(1015 1016 1316 1315)
4(1016 1017 1317 1316)
4(1017 1018 1318 1317)
4(1018 1019 1319 1318)
4(1019 1020 1320 1319)
4(1020 1021 1321 1320)
4(1021 1022 1322 1321)
4(1022 1023 1323 1322)
4(1023 1024 1324 1323)
4(1024 1025 1325 1324)
4(1025 1026 1326 1325)
4(1026 1027 1327 1326)
4(1027 1028 1328 1327)
4(1028 1029 1329 1328)
4(1029 1030 1330 1329)
4(1030 1031 1331 1330)
4(1031 1032 1332 1331)
4(1032 1033 1333 1332)
4(1033 1034 1334 1333)
4(1034 1035 1335 1334)
4(1035 1036 1336 1335)
4(1036 1037 1337 1336)
4(1037 1038 1338 1337)
4(1038 1039 1339 1338)
4(1039 1040 1340 1339)
4(1040 1041 1341 1340)
4(1041 1042 1342 1341)
4(1042 1043 1343 1342)
4(1043 1044 1344 1343)
4(1044 1045 1345 1344)
4(1045 1046 1346 1345)
4(1046 1047 1347 1346)
4(1047 1048 1348 1347)
4(1048 1049 1349 1348)
4(1049 1050 1350 1349)
4(1050 1051 1351 1350)
4(1051 1052 1352 1351)
4(1052 1053 1353 1352)
4(1053 1054 1354 1353)
4(1054 1055 1355 1354)
4(1055 1056 1356 1355)
4(1056 1057 1357 1356)
4(1057 1058 1358 1357)
4(1058 1059 1359 1358)
4(1059 1060 1360 1359)
4(1060 1061 1361 1360)
4(1061 1062 1362 1361)
4(1062 1063 1363 1362)
4(1063 1064 1364 1363)
4(1064 1065 1365 1364)
4(1065 1066 1366 1365)
4(1066 1067 1367 1366)
4(1067 1068 1368 1367)
4(1068 1069 1369 1368)
4(1069 1070 1370 1369)
4(1070 1071 1371 1370)
4(1071 1072 1372 1371)
4(1072 1073 1373 1372)
4(1073 1074 1374 1373)
4(1074 1075 1375 1374)
4(1075 1076 1376 1375)
4(1076 1077 1377 1376)
4(1077 1078 1378 1377)
4(1078 1079 1379 1378)
4(1079 1080 1380 1379)
4(1080 1081 1381 1380)
4(1081 1082 1382 1381)
4(1082 1083 1383 1382)
4(1083 1084 1384 1383)
4(1084 1085 1385 1384)
4(1085 1086 1386 1385)
4(1086 1087 1387 1386)
4(1087 1088 1388 1387)
4(1088 1089 1389 1388)
4(1089 1090 1390 1389)
4(1090 1091 1391 1390)
4(1091 1092 1392 1391)
4(1092 1093 1393 1392)
4(1093 1094 1394 1393)
4(1094 1095 1395 1394)
4(1095 1096 1396 1395)
4(1096 1097 1397 1396)
4(1097 1098 1398 1397)
4(1098 1099 1399 1398)
4(1099 1100 1400 1399)
4(1100 1101 1401 1400)
4(1101 1102 1402 1401)
4(1102 1103 1403 1402)
4(1103 1104 1404 1403)
4(1104 1105 1405 1404)
4(1105 1106 1406 1405)
4(1106 1107 1407 1406)
4(1107 1108 1408 1407)
4(1108 1109 1409 1408)
4(1109 1110 1410 1409)
4(1110 1111 1411 1410)
4(1111 1112 1412 1411)
4(1112 1113 1413 1412)
4(1113 1114 1414 1413)
4(1114 1115 1415 1414)
4(1115 1116 1416 1415)
4(1116 1117 1417 1416)
4(1117 1118 1418 1417)
4(1118 1119 1419 1418)
4(1119 1120 1420 1419)
4(1120 1121 1421 1420)
4(1121 1122 1422 1421)
4(1122 1123 1423 1422)
4(1123 1124 1424 1423)
4(1124 1125 1425 1424)
4(1125 1126 1426 1425)
4(1126 1127 1427 1426)
4(1127 1128 1428 1427)
4(1128 1129 1429 1428)
4(1129 1130 1430 1429)
4(1130 1131 1431 1430)
4(1131 1132 1432 1431)
4(1132 1133 1433 1432)
4(1133 1134 1434 1433)
4(1134 1135 1435 1434)
4(1135 1136 1436 1435)
4(1136 1137 1437 1436)
4(1137 1138 1438 1437)
4(1138 1139 1439 1438)
4(1139 1140 1440 1439)
4(1140 1141 1441 1440)
4(1141 1142 1442 1441)
4(1142 1143 1443 1442)
4(1143 1144 1444 1443)
4(1144 1145 1445 1444)
4(1145 1146 1446 1445)
4(1146 1147 1447 1446)
4(1147 1148 1448 1447)
4(1148 1149 1449 1448)
4(1149 1150 1450 1449)
4(1150 1151 1451 1450)
4(1151 1152 1452 1451)
4(1152 1153 1453 1452)
)


// ************************************************************************* //
