/*--------------------------------*- C++ -*----------------------------------*\
| =========                 |                                                 |
| \\      /  F ield         | foam-extend: Open Source CFD                    |
|  \\    /   O peration     | Version:     3.1                                |
|   \\  /    A nd           | Web:         http://www.extend-project.de       |
|    \\/     M anipulation  |                                                 |
\*---------------------------------------------------------------------------*/
FoamFile
{
    version     2.0;
    format      ascii;
    class       vectorField;
    location    "constant/polyMesh";
    object      points;
}
// * * * * * * * * * * * * * * * * * * * * * * * * * * * * * * * * * * * * * //


1604
(
(0 0 0)
(3.48253131298e-07 0 0)
(6.72985292352e-07 0 0)
(9.75785086369e-07 0 0)
(1.25813382251e-06 0 0)
(1.5214127625e-06 0 0)
(1.76690987784e-06 0 0)
(1.99582615061e-06 0 0)
(2.20928144872e-06 0 0)
(2.40832000433e-06 0 0)
(2.59391552233e-06 0 0)
(2.76697594369e-06 0 0)
(2.92834788717e-06 0 0)
(3.07882079102e-06 0 0)
(3.21913077492e-06 0 0)
(3.34996424114e-06 0 0)
(3.47196123242e-06 0 0)
(3.58571856312e-06 0 0)
(3.6917927388e-06 0 0)
(3.79070267874e-06 0 0)
(3.88293225447e-06 0 0)
(3.96893265691e-06 0 0)
(4.04912460358e-06 0 0)
(4.12390039683e-06 0 0)
(4.19362584293e-06 0 0)
(4.25864204165e-06 0 0)
(4.31926705495e-06 0 0)
(4.3757974629e-06 0 0)
(4.4285098146e-06 0 0)
(4.47766198107e-06 0 0)
(4.52349441675e-06 0 0)
(4.5662313358e-06 0 0)
(4.60608180902e-06 0 0)
(4.64324078656e-06 0 0)
(4.6778900517e-06 0 0)
(4.71019911007e-06 0 0)
(4.74032601893e-06 0 0)
(4.76841816036e-06 0 0)
(4.79461296229e-06 0 0)
(4.81903857078e-06 0 0)
(4.84181447692e-06 0 0)
(4.86305210137e-06 0 0)
(4.8828553395e-06 0 0)
(4.90132106955e-06 0 0)
(4.91853962664e-06 0 0)
(4.93459524467e-06 0 0)
(4.9495664684e-06 0 0)
(4.96352653766e-06 0 0)
(4.9765437457e-06 0 0)
(4.98868177323e-06 0 0)
(5e-06 0 0)
(0 1e-06 0)
(3.48253131298e-07 1e-06 0)
(6.72985292352e-07 1e-06 0)
(9.75785086369e-07 1e-06 0)
(1.25813382251e-06 1e-06 0)
(1.5214127625e-06 1e-06 0)
(1.76690987784e-06 1e-06 0)
(1.99582615061e-06 1e-06 0)
(2.20928144872e-06 1e-06 0)
(2.40832000433e-06 1e-06 0)
(2.59391552233e-06 1e-06 0)
(2.76697594369e-06 1e-06 0)
(2.92834788717e-06 1e-06 0)
(3.07882079102e-06 1e-06 0)
(3.21913077492e-06 1e-06 0)
(3.34996424114e-06 1e-06 0)
(3.47196123242e-06 1e-06 0)
(3.58571856312e-06 1e-06 0)
(3.6917927388e-06 1e-06 0)
(3.79070267874e-06 1e-06 0)
(3.88293225447e-06 1e-06 0)
(3.96893265691e-06 1e-06 0)
(4.04912460358e-06 1e-06 0)
(4.12390039683e-06 1e-06 0)
(4.19362584293e-06 1e-06 0)
(4.25864204165e-06 1e-06 0)
(4.31926705495e-06 1e-06 0)
(4.3757974629e-06 1e-06 0)
(4.4285098146e-06 1e-06 0)
(4.47766198107e-06 1e-06 0)
(4.52349441675e-06 1e-06 0)
(4.5662313358e-06 1e-06 0)
(4.60608180902e-06 1e-06 0)
(4.64324078656e-06 1e-06 0)
(4.6778900517e-06 1e-06 0)
(4.71019911007e-06 1e-06 0)
(4.74032601893e-06 1e-06 0)
(4.76841816036e-06 1e-06 0)
(4.79461296229e-06 1e-06 0)
(4.81903857078e-06 1e-06 0)
(4.84181447692e-06 1e-06 0)
(4.86305210137e-06 1e-06 0)
(4.8828553395e-06 1e-06 0)
(4.90132106955e-06 1e-06 0)
(4.91853962664e-06 1e-06 0)
(4.93459524467e-06 1e-06 0)
(4.9495664684e-06 1e-06 0)
(4.96352653766e-06 1e-06 0)
(4.9765437457e-06 1e-06 0)
(4.98868177323e-06 1e-06 0)
(5e-06 1e-06 0)
(0 0 1e-06)
(3.48253131298e-07 0 1e-06)
(6.72985292352e-07 0 1e-06)
(9.75785086369e-07 0 1e-06)
(1.25813382251e-06 0 1e-06)
(1.5214127625e-06 0 1e-06)
(1.76690987784e-06 0 1e-06)
(1.99582615061e-06 0 1e-06)
(2.20928144872e-06 0 1e-06)
(2.40832000433e-06 0 1e-06)
(2.59391552233e-06 0 1e-06)
(2.76697594369e-06 0 1e-06)
(2.92834788717e-06 0 1e-06)
(3.07882079102e-06 0 1e-06)
(3.21913077492e-06 0 1e-06)
(3.34996424114e-06 0 1e-06)
(3.47196123242e-06 0 1e-06)
(3.58571856312e-06 0 1e-06)
(3.6917927388e-06 0 1e-06)
(3.79070267874e-06 0 1e-06)
(3.88293225447e-06 0 1e-06)
(3.96893265691e-06 0 1e-06)
(4.04912460358e-06 0 1e-06)
(4.12390039683e-06 0 1e-06)
(4.19362584293e-06 0 1e-06)
(4.25864204165e-06 0 1e-06)
(4.31926705495e-06 0 1e-06)
(4.3757974629e-06 0 1e-06)
(4.4285098146e-06 0 1e-06)
(4.47766198107e-06 0 1e-06)
(4.52349441675e-06 0 1e-06)
(4.5662313358e-06 0 1e-06)
(4.60608180902e-06 0 1e-06)
(4.64324078656e-06 0 1e-06)
(4.6778900517e-06 0 1e-06)
(4.71019911007e-06 0 1e-06)
(4.74032601893e-06 0 1e-06)
(4.76841816036e-06 0 1e-06)
(4.79461296229e-06 0 1e-06)
(4.81903857078e-06 0 1e-06)
(4.84181447692e-06 0 1e-06)
(4.86305210137e-06 0 1e-06)
(4.8828553395e-06 0 1e-06)
(4.90132106955e-06 0 1e-06)
(4.91853962664e-06 0 1e-06)
(4.93459524467e-06 0 1e-06)
(4.9495664684e-06 0 1e-06)
(4.96352653766e-06 0 1e-06)
(4.9765437457e-06 0 1e-06)
(4.98868177323e-06 0 1e-06)
(5e-06 0 1e-06)
(0 1e-06 1e-06)
(3.48253131298e-07 1e-06 1e-06)
(6.72985292352e-07 1e-06 1e-06)
(9.75785086369e-07 1e-06 1e-06)
(1.25813382251e-06 1e-06 1e-06)
(1.5214127625e-06 1e-06 1e-06)
(1.76690987784e-06 1e-06 1e-06)
(1.99582615061e-06 1e-06 1e-06)
(2.20928144872e-06 1e-06 1e-06)
(2.40832000433e-06 1e-06 1e-06)
(2.59391552233e-06 1e-06 1e-06)
(2.76697594369e-06 1e-06 1e-06)
(2.92834788717e-06 1e-06 1e-06)
(3.07882079102e-06 1e-06 1e-06)
(3.21913077492e-06 1e-06 1e-06)
(3.34996424114e-06 1e-06 1e-06)
(3.47196123242e-06 1e-06 1e-06)
(3.58571856312e-06 1e-06 1e-06)
(3.6917927388e-06 1e-06 1e-06)
(3.79070267874e-06 1e-06 1e-06)
(3.88293225447e-06 1e-06 1e-06)
(3.96893265691e-06 1e-06 1e-06)
(4.04912460358e-06 1e-06 1e-06)
(4.12390039683e-06 1e-06 1e-06)
(4.19362584293e-06 1e-06 1e-06)
(4.25864204165e-06 1e-06 1e-06)
(4.31926705495e-06 1e-06 1e-06)
(4.3757974629e-06 1e-06 1e-06)
(4.4285098146e-06 1e-06 1e-06)
(4.47766198107e-06 1e-06 1e-06)
(4.52349441675e-06 1e-06 1e-06)
(4.5662313358e-06 1e-06 1e-06)
(4.60608180902e-06 1e-06 1e-06)
(4.64324078656e-06 1e-06 1e-06)
(4.6778900517e-06 1e-06 1e-06)
(4.71019911007e-06 1e-06 1e-06)
(4.74032601893e-06 1e-06 1e-06)
(4.76841816036e-06 1e-06 1e-06)
(4.79461296229e-06 1e-06 1e-06)
(4.81903857078e-06 1e-06 1e-06)
(4.84181447692e-06 1e-06 1e-06)
(4.86305210137e-06 1e-06 1e-06)
(4.8828553395e-06 1e-06 1e-06)
(4.90132106955e-06 1e-06 1e-06)
(4.91853962664e-06 1e-06 1e-06)
(4.93459524467e-06 1e-06 1e-06)
(4.9495664684e-06 1e-06 1e-06)
(4.96352653766e-06 1e-06 1e-06)
(4.9765437457e-06 1e-06 1e-06)
(4.98868177323e-06 1e-06 1e-06)
(5e-06 1e-06 1e-06)
(5.00547770519e-06 0 0)
(5.0112033155e-06 0 0)
(5.0171880504e-06 0 0)
(5.02344363711e-06 0 0)
(5.02998233361e-06 0 0)
(5.03681695263e-06 0 0)
(5.04396088677e-06 0 0)
(5.05142813474e-06 0 0)
(5.05923332878e-06 0 0)
(5.06739176336e-06 0 0)
(5.07591942513e-06 0 0)
(5.08483302425e-06 0 0)
(5.09415002712e-06 0 0)
(5.10388869062e-06 0 0)
(5.11406809792e-06 0 0)
(5.12470819579e-06 0 0)
(5.13582983376e-06 0 0)
(5.14745480494e-06 0 0)
(5.15960588875e-06 0 0)
(5.17230689552e-06 0 0)
(5.18558271317e-06 0 0)
(5.19945935599e-06 0 0)
(5.21396401558e-06 0 0)
(5.22912511418e-06 0 0)
(5.24497236032e-06 0 0)
(5.26153680705e-06 0 0)
(5.27885091279e-06 0 0)
(5.29694860497e-06 0 0)
(5.31586534642e-06 0 0)
(5.33563820495e-06 0 0)
(5.35630592596e-06 0 0)
(5.37790900833e-06 0 0)
(5.40048978382e-06 0 0)
(5.4240925e-06 0 0)
(5.44876340694e-06 0 0)
(5.47455084788e-06 0 0)
(5.50150535392e-06 0 0)
(5.52967974306e-06 0 0)
(5.55912922368e-06 0 0)
(5.58991150275e-06 0 0)
(5.62208689886e-06 0 0)
(5.65571846048e-06 0 0)
(5.69087208945e-06 0 0)
(5.72761667013e-06 0 0)
(5.76602420442e-06 0 0)
(5.80616995279e-06 0 0)
(5.84813258179e-06 0 0)
(5.89199431819e-06 0 0)
(5.9378411101e-06 0 0)
(5.98576279541e-06 0 0)
(6.03585327779e-06 0 0)
(6.08821071074e-06 0 0)
(6.14293768989e-06 0 0)
(6.20014145407e-06 0 0)
(6.25993409541e-06 0 0)
(6.32243277901e-06 0 0)
(6.38775997253e-06 0 0)
(6.45604368616e-06 0 0)
(6.52741772347e-06 0 0)
(6.60202194357e-06 0 0)
(6.68000253521e-06 0 0)
(6.76151230322e-06 0 0)
(6.84671096792e-06 0 0)
(6.93576547813e-06 0 0)
(7.02885033828e-06 0 0)
(7.12614795037e-06 0 0)
(7.22784897138e-06 0 0)
(7.33415268688e-06 0 0)
(7.44526740154e-06 0 0)
(7.56141084727e-06 0 0)
(7.68281060994e-06 0 0)
(7.80970457525e-06 0 0)
(7.94234139496e-06 0 0)
(8.08098097406e-06 0 0)
(8.22589498012e-06 0 0)
(8.37736737557e-06 0 0)
(8.53569497419e-06 0 0)
(8.70118802266e-06 0 0)
(8.87417080855e-06 0 0)
(9.05498229574e-06 0 0)
(9.24397678866e-06 0 0)
(9.4415246265e-06 0 0)
(9.64801290895e-06 0 0)
(9.86384625472e-06 0 0)
(1.00894475944e-05 0 0)
(1.03252589991e-05 0 0)
(1.0571742547e-05 0 0)
(1.08293812284e-05 0 0)
(1.10986798925e-05 0 0)
(1.13801662363e-05 0 0)
(1.16743918392e-05 0 0)
(1.1981933243e-05 0 0)
(1.23033930827e-05 0 0)
(1.26394012662e-05 0 0)
(1.29906162098e-05 0 0)
(1.33577261273e-05 0 0)
(1.37414503795e-05 0 0)
(1.41425408832e-05 0 0)
(1.45617835847e-05 0 0)
(1.5e-05 0 0)
(5.00547770519e-06 1e-06 0)
(5.0112033155e-06 1e-06 0)
(5.0171880504e-06 1e-06 0)
(5.02344363711e-06 1e-06 0)
(5.02998233361e-06 1e-06 0)
(5.03681695263e-06 1e-06 0)
(5.04396088677e-06 1e-06 0)
(5.05142813474e-06 1e-06 0)
(5.05923332878e-06 1e-06 0)
(5.06739176336e-06 1e-06 0)
(5.07591942513e-06 1e-06 0)
(5.08483302425e-06 1e-06 0)
(5.09415002712e-06 1e-06 0)
(5.10388869062e-06 1e-06 0)
(5.11406809792e-06 1e-06 0)
(5.12470819579e-06 1e-06 0)
(5.13582983376e-06 1e-06 0)
(5.14745480494e-06 1e-06 0)
(5.15960588875e-06 1e-06 0)
(5.17230689552e-06 1e-06 0)
(5.18558271317e-06 1e-06 0)
(5.19945935599e-06 1e-06 0)
(5.21396401558e-06 1e-06 0)
(5.22912511418e-06 1e-06 0)
(5.24497236032e-06 1e-06 0)
(5.26153680705e-06 1e-06 0)
(5.27885091279e-06 1e-06 0)
(5.29694860497e-06 1e-06 0)
(5.31586534642e-06 1e-06 0)
(5.33563820495e-06 1e-06 0)
(5.35630592596e-06 1e-06 0)
(5.37790900833e-06 1e-06 0)
(5.40048978382e-06 1e-06 0)
(5.4240925e-06 1e-06 0)
(5.44876340694e-06 1e-06 0)
(5.47455084788e-06 1e-06 0)
(5.50150535392e-06 1e-06 0)
(5.52967974306e-06 1e-06 0)
(5.55912922368e-06 1e-06 0)
(5.58991150275e-06 1e-06 0)
(5.62208689886e-06 1e-06 0)
(5.65571846048e-06 1e-06 0)
(5.69087208945e-06 1e-06 0)
(5.72761667013e-06 1e-06 0)
(5.76602420442e-06 1e-06 0)
(5.80616995279e-06 1e-06 0)
(5.84813258179e-06 1e-06 0)
(5.89199431819e-06 1e-06 0)
(5.9378411101e-06 1e-06 0)
(5.98576279541e-06 1e-06 0)
(6.03585327779e-06 1e-06 0)
(6.08821071074e-06 1e-06 0)
(6.14293768989e-06 1e-06 0)
(6.20014145407e-06 1e-06 0)
(6.25993409541e-06 1e-06 0)
(6.32243277901e-06 1e-06 0)
(6.38775997253e-06 1e-06 0)
(6.45604368616e-06 1e-06 0)
(6.52741772347e-06 1e-06 0)
(6.60202194357e-06 1e-06 0)
(6.68000253521e-06 1e-06 0)
(6.76151230322e-06 1e-06 0)
(6.84671096792e-06 1e-06 0)
(6.93576547813e-06 1e-06 0)
(7.02885033828e-06 1e-06 0)
(7.12614795037e-06 1e-06 0)
(7.22784897138e-06 1e-06 0)
(7.33415268688e-06 1e-06 0)
(7.44526740154e-06 1e-06 0)
(7.56141084727e-06 1e-06 0)
(7.68281060994e-06 1e-06 0)
(7.80970457525e-06 1e-06 0)
(7.94234139496e-06 1e-06 0)
(8.08098097406e-06 1e-06 0)
(8.22589498012e-06 1e-06 0)
(8.37736737557e-06 1e-06 0)
(8.53569497419e-06 1e-06 0)
(8.70118802266e-06 1e-06 0)
(8.87417080855e-06 1e-06 0)
(9.05498229574e-06 1e-06 0)
(9.24397678866e-06 1e-06 0)
(9.4415246265e-06 1e-06 0)
(9.64801290895e-06 1e-06 0)
(9.86384625472e-06 1e-06 0)
(1.00894475944e-05 1e-06 0)
(1.03252589991e-05 1e-06 0)
(1.0571742547e-05 1e-06 0)
(1.08293812284e-05 1e-06 0)
(1.10986798925e-05 1e-06 0)
(1.13801662363e-05 1e-06 0)
(1.16743918392e-05 1e-06 0)
(1.1981933243e-05 1e-06 0)
(1.23033930827e-05 1e-06 0)
(1.26394012662e-05 1e-06 0)
(1.29906162098e-05 1e-06 0)
(1.33577261273e-05 1e-06 0)
(1.37414503795e-05 1e-06 0)
(1.41425408832e-05 1e-06 0)
(1.45617835847e-05 1e-06 0)
(1.5e-05 1e-06 0)
(5.00547770519e-06 0 1e-06)
(5.0112033155e-06 0 1e-06)
(5.0171880504e-06 0 1e-06)
(5.02344363711e-06 0 1e-06)
(5.02998233361e-06 0 1e-06)
(5.03681695263e-06 0 1e-06)
(5.04396088677e-06 0 1e-06)
(5.05142813474e-06 0 1e-06)
(5.05923332878e-06 0 1e-06)
(5.06739176336e-06 0 1e-06)
(5.07591942513e-06 0 1e-06)
(5.08483302425e-06 0 1e-06)
(5.09415002712e-06 0 1e-06)
(5.10388869062e-06 0 1e-06)
(5.11406809792e-06 0 1e-06)
(5.12470819579e-06 0 1e-06)
(5.13582983376e-06 0 1e-06)
(5.14745480494e-06 0 1e-06)
(5.15960588875e-06 0 1e-06)
(5.17230689552e-06 0 1e-06)
(5.18558271317e-06 0 1e-06)
(5.19945935599e-06 0 1e-06)
(5.21396401558e-06 0 1e-06)
(5.22912511418e-06 0 1e-06)
(5.24497236032e-06 0 1e-06)
(5.26153680705e-06 0 1e-06)
(5.27885091279e-06 0 1e-06)
(5.29694860497e-06 0 1e-06)
(5.31586534642e-06 0 1e-06)
(5.33563820495e-06 0 1e-06)
(5.35630592596e-06 0 1e-06)
(5.37790900833e-06 0 1e-06)
(5.40048978382e-06 0 1e-06)
(5.4240925e-06 0 1e-06)
(5.44876340694e-06 0 1e-06)
(5.47455084788e-06 0 1e-06)
(5.50150535392e-06 0 1e-06)
(5.52967974306e-06 0 1e-06)
(5.55912922368e-06 0 1e-06)
(5.58991150275e-06 0 1e-06)
(5.62208689886e-06 0 1e-06)
(5.65571846048e-06 0 1e-06)
(5.69087208945e-06 0 1e-06)
(5.72761667013e-06 0 1e-06)
(5.76602420442e-06 0 1e-06)
(5.80616995279e-06 0 1e-06)
(5.84813258179e-06 0 1e-06)
(5.89199431819e-06 0 1e-06)
(5.9378411101e-06 0 1e-06)
(5.98576279541e-06 0 1e-06)
(6.03585327779e-06 0 1e-06)
(6.08821071074e-06 0 1e-06)
(6.14293768989e-06 0 1e-06)
(6.20014145407e-06 0 1e-06)
(6.25993409541e-06 0 1e-06)
(6.32243277901e-06 0 1e-06)
(6.38775997253e-06 0 1e-06)
(6.45604368616e-06 0 1e-06)
(6.52741772347e-06 0 1e-06)
(6.60202194357e-06 0 1e-06)
(6.68000253521e-06 0 1e-06)
(6.76151230322e-06 0 1e-06)
(6.84671096792e-06 0 1e-06)
(6.93576547813e-06 0 1e-06)
(7.02885033828e-06 0 1e-06)
(7.12614795037e-06 0 1e-06)
(7.22784897138e-06 0 1e-06)
(7.33415268688e-06 0 1e-06)
(7.44526740154e-06 0 1e-06)
(7.56141084727e-06 0 1e-06)
(7.68281060994e-06 0 1e-06)
(7.80970457525e-06 0 1e-06)
(7.94234139496e-06 0 1e-06)
(8.08098097406e-06 0 1e-06)
(8.22589498012e-06 0 1e-06)
(8.37736737557e-06 0 1e-06)
(8.53569497419e-06 0 1e-06)
(8.70118802266e-06 0 1e-06)
(8.87417080855e-06 0 1e-06)
(9.05498229574e-06 0 1e-06)
(9.24397678866e-06 0 1e-06)
(9.4415246265e-06 0 1e-06)
(9.64801290895e-06 0 1e-06)
(9.86384625472e-06 0 1e-06)
(1.00894475944e-05 0 1e-06)
(1.03252589991e-05 0 1e-06)
(1.0571742547e-05 0 1e-06)
(1.08293812284e-05 0 1e-06)
(1.10986798925e-05 0 1e-06)
(1.13801662363e-05 0 1e-06)
(1.16743918392e-05 0 1e-06)
(1.1981933243e-05 0 1e-06)
(1.23033930827e-05 0 1e-06)
(1.26394012662e-05 0 1e-06)
(1.29906162098e-05 0 1e-06)
(1.33577261273e-05 0 1e-06)
(1.37414503795e-05 0 1e-06)
(1.41425408832e-05 0 1e-06)
(1.45617835847e-05 0 1e-06)
(1.5e-05 0 1e-06)
(5.00547770519e-06 1e-06 1e-06)
(5.0112033155e-06 1e-06 1e-06)
(5.0171880504e-06 1e-06 1e-06)
(5.02344363711e-06 1e-06 1e-06)
(5.02998233361e-06 1e-06 1e-06)
(5.03681695263e-06 1e-06 1e-06)
(5.04396088677e-06 1e-06 1e-06)
(5.05142813474e-06 1e-06 1e-06)
(5.05923332878e-06 1e-06 1e-06)
(5.06739176336e-06 1e-06 1e-06)
(5.07591942513e-06 1e-06 1e-06)
(5.08483302425e-06 1e-06 1e-06)
(5.09415002712e-06 1e-06 1e-06)
(5.10388869062e-06 1e-06 1e-06)
(5.11406809792e-06 1e-06 1e-06)
(5.12470819579e-06 1e-06 1e-06)
(5.13582983376e-06 1e-06 1e-06)
(5.14745480494e-06 1e-06 1e-06)
(5.15960588875e-06 1e-06 1e-06)
(5.17230689552e-06 1e-06 1e-06)
(5.18558271317e-06 1e-06 1e-06)
(5.19945935599e-06 1e-06 1e-06)
(5.21396401558e-06 1e-06 1e-06)
(5.22912511418e-06 1e-06 1e-06)
(5.24497236032e-06 1e-06 1e-06)
(5.26153680705e-06 1e-06 1e-06)
(5.27885091279e-06 1e-06 1e-06)
(5.29694860497e-06 1e-06 1e-06)
(5.31586534642e-06 1e-06 1e-06)
(5.33563820495e-06 1e-06 1e-06)
(5.35630592596e-06 1e-06 1e-06)
(5.37790900833e-06 1e-06 1e-06)
(5.40048978382e-06 1e-06 1e-06)
(5.4240925e-06 1e-06 1e-06)
(5.44876340694e-06 1e-06 1e-06)
(5.47455084788e-06 1e-06 1e-06)
(5.50150535392e-06 1e-06 1e-06)
(5.52967974306e-06 1e-06 1e-06)
(5.55912922368e-06 1e-06 1e-06)
(5.58991150275e-06 1e-06 1e-06)
(5.62208689886e-06 1e-06 1e-06)
(5.65571846048e-06 1e-06 1e-06)
(5.69087208945e-06 1e-06 1e-06)
(5.72761667013e-06 1e-06 1e-06)
(5.76602420442e-06 1e-06 1e-06)
(5.80616995279e-06 1e-06 1e-06)
(5.84813258179e-06 1e-06 1e-06)
(5.89199431819e-06 1e-06 1e-06)
(5.9378411101e-06 1e-06 1e-06)
(5.98576279541e-06 1e-06 1e-06)
(6.03585327779e-06 1e-06 1e-06)
(6.08821071074e-06 1e-06 1e-06)
(6.14293768989e-06 1e-06 1e-06)
(6.20014145407e-06 1e-06 1e-06)
(6.25993409541e-06 1e-06 1e-06)
(6.32243277901e-06 1e-06 1e-06)
(6.38775997253e-06 1e-06 1e-06)
(6.45604368616e-06 1e-06 1e-06)
(6.52741772347e-06 1e-06 1e-06)
(6.60202194357e-06 1e-06 1e-06)
(6.68000253521e-06 1e-06 1e-06)
(6.76151230322e-06 1e-06 1e-06)
(6.84671096792e-06 1e-06 1e-06)
(6.93576547813e-06 1e-06 1e-06)
(7.02885033828e-06 1e-06 1e-06)
(7.12614795037e-06 1e-06 1e-06)
(7.22784897138e-06 1e-06 1e-06)
(7.33415268688e-06 1e-06 1e-06)
(7.44526740154e-06 1e-06 1e-06)
(7.56141084727e-06 1e-06 1e-06)
(7.68281060994e-06 1e-06 1e-06)
(7.80970457525e-06 1e-06 1e-06)
(7.94234139496e-06 1e-06 1e-06)
(8.08098097406e-06 1e-06 1e-06)
(8.22589498012e-06 1e-06 1e-06)
(8.37736737557e-06 1e-06 1e-06)
(8.53569497419e-06 1e-06 1e-06)
(8.70118802266e-06 1e-06 1e-06)
(8.87417080855e-06 1e-06 1e-06)
(9.05498229574e-06 1e-06 1e-06)
(9.24397678866e-06 1e-06 1e-06)
(9.4415246265e-06 1e-06 1e-06)
(9.64801290895e-06 1e-06 1e-06)
(9.86384625472e-06 1e-06 1e-06)
(1.00894475944e-05 1e-06 1e-06)
(1.03252589991e-05 1e-06 1e-06)
(1.0571742547e-05 1e-06 1e-06)
(1.08293812284e-05 1e-06 1e-06)
(1.10986798925e-05 1e-06 1e-06)
(1.13801662363e-05 1e-06 1e-06)
(1.16743918392e-05 1e-06 1e-06)
(1.1981933243e-05 1e-06 1e-06)
(1.23033930827e-05 1e-06 1e-06)
(1.26394012662e-05 1e-06 1e-06)
(1.29906162098e-05 1e-06 1e-06)
(1.33577261273e-05 1e-06 1e-06)
(1.37414503795e-05 1e-06 1e-06)
(1.41425408832e-05 1e-06 1e-06)
(1.45617835847e-05 1e-06 1e-06)
(1.5e-05 1e-06 1e-06)
(1.53512177188e-05 0 0)
(1.56904873109e-05 0 0)
(1.60182152413e-05 0 0)
(1.63347941475e-05 0 0)
(1.66406033098e-05 0 0)
(1.69360091056e-05 0 0)
(1.72213654486e-05 0 0)
(1.74970142125e-05 0 0)
(1.7763285641e-05 0 0)
(1.8020498743e-05 0 0)
(1.8268961675e-05 0 0)
(1.85089721103e-05 0 0)
(1.87408175957e-05 0 0)
(1.89647758956e-05 0 0)
(1.91811153256e-05 0 0)
(1.93900950729e-05 0 0)
(1.95919655078e-05 0 0)
(1.97869684829e-05 0 0)
(1.99753376235e-05 0 0)
(2.01572986067e-05 0 0)
(2.03330694328e-05 0 0)
(2.05028606855e-05 0 0)
(2.06668757849e-05 0 0)
(2.08253112307e-05 0 0)
(2.0978356838e-05 0 0)
(2.11261959644e-05 0 0)
(2.12690057301e-05 0 0)
(2.14069572296e-05 0 0)
(2.15402157369e-05 0 0)
(2.16689409036e-05 0 0)
(2.17932869501e-05 0 0)
(2.19134028503e-05 0 0)
(2.20294325103e-05 0 0)
(2.21415149403e-05 0 0)
(2.22497844218e-05 0 0)
(2.2354370668e-05 0 0)
(2.24553989795e-05 0 0)
(2.25529903941e-05 0 0)
(2.26472618322e-05 0 0)
(2.27383262365e-05 0 0)
(2.28262927076e-05 0 0)
(2.29112666344e-05 0 0)
(2.29933498209e-05 0 0)
(2.30726406074e-05 0 0)
(2.31492339892e-05 0 0)
(2.32232217295e-05 0 0)
(2.32946924702e-05 0 0)
(2.33637318372e-05 0 0)
(2.3430422544e-05 0 0)
(2.349484449e-05 0 0)
(2.35570748563e-05 0 0)
(2.36171881988e-05 0 0)
(2.36752565367e-05 0 0)
(2.37313494393e-05 0 0)
(2.37855341093e-05 0 0)
(2.38378754632e-05 0 0)
(2.38884362089e-05 0 0)
(2.39372769212e-05 0 0)
(2.39844561142e-05 0 0)
(2.40300303114e-05 0 0)
(2.40740541133e-05 0 0)
(2.41165802631e-05 0 0)
(2.41576597096e-05 0 0)
(2.41973416684e-05 0 0)
(2.42356736809e-05 0 0)
(2.4272701671e-05 0 0)
(2.43084700006e-05 0 0)
(2.43430215222e-05 0 0)
(2.43763976305e-05 0 0)
(2.44086383121e-05 0 0)
(2.44397821933e-05 0 0)
(2.44698665862e-05 0 0)
(2.44989275338e-05 0 0)
(2.45269998528e-05 0 0)
(2.45541171754e-05 0 0)
(2.458031199e-05 0 0)
(2.46056156793e-05 0 0)
(2.46300585587e-05 0 0)
(2.46536699122e-05 0 0)
(2.46764780277e-05 0 0)
(2.46985102306e-05 0 0)
(2.47197929167e-05 0 0)
(2.4740351584e-05 0 0)
(2.47602108631e-05 0 0)
(2.47793945464e-05 0 0)
(2.47979256172e-05 0 0)
(2.48158262768e-05 0 0)
(2.48331179713e-05 0 0)
(2.48498214171e-05 0 0)
(2.48659566259e-05 0 0)
(2.48815429287e-05 0 0)
(2.48965989989e-05 0 0)
(2.49111428743e-05 0 0)
(2.49251919796e-05 0 0)
(2.49387631463e-05 0 0)
(2.49518726335e-05 0 0)
(2.49645361471e-05 0 0)
(2.49767688588e-05 0 0)
(2.49885854241e-05 0 0)
(2.5e-05 0 0)
(1.53512177188e-05 1e-06 0)
(1.56904873109e-05 1e-06 0)
(1.60182152413e-05 1e-06 0)
(1.63347941475e-05 1e-06 0)
(1.66406033098e-05 1e-06 0)
(1.69360091056e-05 1e-06 0)
(1.72213654486e-05 1e-06 0)
(1.74970142125e-05 1e-06 0)
(1.7763285641e-05 1e-06 0)
(1.8020498743e-05 1e-06 0)
(1.8268961675e-05 1e-06 0)
(1.85089721103e-05 1e-06 0)
(1.87408175957e-05 1e-06 0)
(1.89647758956e-05 1e-06 0)
(1.91811153256e-05 1e-06 0)
(1.93900950729e-05 1e-06 0)
(1.95919655078e-05 1e-06 0)
(1.97869684829e-05 1e-06 0)
(1.99753376235e-05 1e-06 0)
(2.01572986067e-05 1e-06 0)
(2.03330694328e-05 1e-06 0)
(2.05028606855e-05 1e-06 0)
(2.06668757849e-05 1e-06 0)
(2.08253112307e-05 1e-06 0)
(2.0978356838e-05 1e-06 0)
(2.11261959644e-05 1e-06 0)
(2.12690057301e-05 1e-06 0)
(2.14069572296e-05 1e-06 0)
(2.15402157369e-05 1e-06 0)
(2.16689409036e-05 1e-06 0)
(2.17932869501e-05 1e-06 0)
(2.19134028503e-05 1e-06 0)
(2.20294325103e-05 1e-06 0)
(2.21415149403e-05 1e-06 0)
(2.22497844218e-05 1e-06 0)
(2.2354370668e-05 1e-06 0)
(2.24553989795e-05 1e-06 0)
(2.25529903941e-05 1e-06 0)
(2.26472618322e-05 1e-06 0)
(2.27383262365e-05 1e-06 0)
(2.28262927076e-05 1e-06 0)
(2.29112666344e-05 1e-06 0)
(2.29933498209e-05 1e-06 0)
(2.30726406074e-05 1e-06 0)
(2.31492339892e-05 1e-06 0)
(2.32232217295e-05 1e-06 0)
(2.32946924702e-05 1e-06 0)
(2.33637318372e-05 1e-06 0)
(2.3430422544e-05 1e-06 0)
(2.349484449e-05 1e-06 0)
(2.35570748563e-05 1e-06 0)
(2.36171881988e-05 1e-06 0)
(2.36752565367e-05 1e-06 0)
(2.37313494393e-05 1e-06 0)
(2.37855341093e-05 1e-06 0)
(2.38378754632e-05 1e-06 0)
(2.38884362089e-05 1e-06 0)
(2.39372769212e-05 1e-06 0)
(2.39844561142e-05 1e-06 0)
(2.40300303114e-05 1e-06 0)
(2.40740541133e-05 1e-06 0)
(2.41165802631e-05 1e-06 0)
(2.41576597096e-05 1e-06 0)
(2.41973416684e-05 1e-06 0)
(2.42356736809e-05 1e-06 0)
(2.4272701671e-05 1e-06 0)
(2.43084700006e-05 1e-06 0)
(2.43430215222e-05 1e-06 0)
(2.43763976305e-05 1e-06 0)
(2.44086383121e-05 1e-06 0)
(2.44397821933e-05 1e-06 0)
(2.44698665862e-05 1e-06 0)
(2.44989275338e-05 1e-06 0)
(2.45269998528e-05 1e-06 0)
(2.45541171754e-05 1e-06 0)
(2.458031199e-05 1e-06 0)
(2.46056156793e-05 1e-06 0)
(2.46300585587e-05 1e-06 0)
(2.46536699122e-05 1e-06 0)
(2.46764780277e-05 1e-06 0)
(2.46985102306e-05 1e-06 0)
(2.47197929167e-05 1e-06 0)
(2.4740351584e-05 1e-06 0)
(2.47602108631e-05 1e-06 0)
(2.47793945464e-05 1e-06 0)
(2.47979256172e-05 1e-06 0)
(2.48158262768e-05 1e-06 0)
(2.48331179713e-05 1e-06 0)
(2.48498214171e-05 1e-06 0)
(2.48659566259e-05 1e-06 0)
(2.48815429287e-05 1e-06 0)
(2.48965989989e-05 1e-06 0)
(2.49111428743e-05 1e-06 0)
(2.49251919796e-05 1e-06 0)
(2.49387631463e-05 1e-06 0)
(2.49518726335e-05 1e-06 0)
(2.49645361471e-05 1e-06 0)
(2.49767688588e-05 1e-06 0)
(2.49885854241e-05 1e-06 0)
(2.5e-05 1e-06 0)
(1.53512177188e-05 0 1e-06)
(1.56904873109e-05 0 1e-06)
(1.60182152413e-05 0 1e-06)
(1.63347941475e-05 0 1e-06)
(1.66406033098e-05 0 1e-06)
(1.69360091056e-05 0 1e-06)
(1.72213654486e-05 0 1e-06)
(1.74970142125e-05 0 1e-06)
(1.7763285641e-05 0 1e-06)
(1.8020498743e-05 0 1e-06)
(1.8268961675e-05 0 1e-06)
(1.85089721103e-05 0 1e-06)
(1.87408175957e-05 0 1e-06)
(1.89647758956e-05 0 1e-06)
(1.91811153256e-05 0 1e-06)
(1.93900950729e-05 0 1e-06)
(1.95919655078e-05 0 1e-06)
(1.97869684829e-05 0 1e-06)
(1.99753376235e-05 0 1e-06)
(2.01572986067e-05 0 1e-06)
(2.03330694328e-05 0 1e-06)
(2.05028606855e-05 0 1e-06)
(2.06668757849e-05 0 1e-06)
(2.08253112307e-05 0 1e-06)
(2.0978356838e-05 0 1e-06)
(2.11261959644e-05 0 1e-06)
(2.12690057301e-05 0 1e-06)
(2.14069572296e-05 0 1e-06)
(2.15402157369e-05 0 1e-06)
(2.16689409036e-05 0 1e-06)
(2.17932869501e-05 0 1e-06)
(2.19134028503e-05 0 1e-06)
(2.20294325103e-05 0 1e-06)
(2.21415149403e-05 0 1e-06)
(2.22497844218e-05 0 1e-06)
(2.2354370668e-05 0 1e-06)
(2.24553989795e-05 0 1e-06)
(2.25529903941e-05 0 1e-06)
(2.26472618322e-05 0 1e-06)
(2.27383262365e-05 0 1e-06)
(2.28262927076e-05 0 1e-06)
(2.29112666344e-05 0 1e-06)
(2.29933498209e-05 0 1e-06)
(2.30726406074e-05 0 1e-06)
(2.31492339892e-05 0 1e-06)
(2.32232217295e-05 0 1e-06)
(2.32946924702e-05 0 1e-06)
(2.33637318372e-05 0 1e-06)
(2.3430422544e-05 0 1e-06)
(2.349484449e-05 0 1e-06)
(2.35570748563e-05 0 1e-06)
(2.36171881988e-05 0 1e-06)
(2.36752565367e-05 0 1e-06)
(2.37313494393e-05 0 1e-06)
(2.37855341093e-05 0 1e-06)
(2.38378754632e-05 0 1e-06)
(2.38884362089e-05 0 1e-06)
(2.39372769212e-05 0 1e-06)
(2.39844561142e-05 0 1e-06)
(2.40300303114e-05 0 1e-06)
(2.40740541133e-05 0 1e-06)
(2.41165802631e-05 0 1e-06)
(2.41576597096e-05 0 1e-06)
(2.41973416684e-05 0 1e-06)
(2.42356736809e-05 0 1e-06)
(2.4272701671e-05 0 1e-06)
(2.43084700006e-05 0 1e-06)
(2.43430215222e-05 0 1e-06)
(2.43763976305e-05 0 1e-06)
(2.44086383121e-05 0 1e-06)
(2.44397821933e-05 0 1e-06)
(2.44698665862e-05 0 1e-06)
(2.44989275338e-05 0 1e-06)
(2.45269998528e-05 0 1e-06)
(2.45541171754e-05 0 1e-06)
(2.458031199e-05 0 1e-06)
(2.46056156793e-05 0 1e-06)
(2.46300585587e-05 0 1e-06)
(2.46536699122e-05 0 1e-06)
(2.46764780277e-05 0 1e-06)
(2.46985102306e-05 0 1e-06)
(2.47197929167e-05 0 1e-06)
(2.4740351584e-05 0 1e-06)
(2.47602108631e-05 0 1e-06)
(2.47793945464e-05 0 1e-06)
(2.47979256172e-05 0 1e-06)
(2.48158262768e-05 0 1e-06)
(2.48331179713e-05 0 1e-06)
(2.48498214171e-05 0 1e-06)
(2.48659566259e-05 0 1e-06)
(2.48815429287e-05 0 1e-06)
(2.48965989989e-05 0 1e-06)
(2.49111428743e-05 0 1e-06)
(2.49251919796e-05 0 1e-06)
(2.49387631463e-05 0 1e-06)
(2.49518726335e-05 0 1e-06)
(2.49645361471e-05 0 1e-06)
(2.49767688588e-05 0 1e-06)
(2.49885854241e-05 0 1e-06)
(2.5e-05 0 1e-06)
(1.53512177188e-05 1e-06 1e-06)
(1.56904873109e-05 1e-06 1e-06)
(1.60182152413e-05 1e-06 1e-06)
(1.63347941475e-05 1e-06 1e-06)
(1.66406033098e-05 1e-06 1e-06)
(1.69360091056e-05 1e-06 1e-06)
(1.72213654486e-05 1e-06 1e-06)
(1.74970142125e-05 1e-06 1e-06)
(1.7763285641e-05 1e-06 1e-06)
(1.8020498743e-05 1e-06 1e-06)
(1.8268961675e-05 1e-06 1e-06)
(1.85089721103e-05 1e-06 1e-06)
(1.87408175957e-05 1e-06 1e-06)
(1.89647758956e-05 1e-06 1e-06)
(1.91811153256e-05 1e-06 1e-06)
(1.93900950729e-05 1e-06 1e-06)
(1.95919655078e-05 1e-06 1e-06)
(1.97869684829e-05 1e-06 1e-06)
(1.99753376235e-05 1e-06 1e-06)
(2.01572986067e-05 1e-06 1e-06)
(2.03330694328e-05 1e-06 1e-06)
(2.05028606855e-05 1e-06 1e-06)
(2.06668757849e-05 1e-06 1e-06)
(2.08253112307e-05 1e-06 1e-06)
(2.0978356838e-05 1e-06 1e-06)
(2.11261959644e-05 1e-06 1e-06)
(2.12690057301e-05 1e-06 1e-06)
(2.14069572296e-05 1e-06 1e-06)
(2.15402157369e-05 1e-06 1e-06)
(2.16689409036e-05 1e-06 1e-06)
(2.17932869501e-05 1e-06 1e-06)
(2.19134028503e-05 1e-06 1e-06)
(2.20294325103e-05 1e-06 1e-06)
(2.21415149403e-05 1e-06 1e-06)
(2.22497844218e-05 1e-06 1e-06)
(2.2354370668e-05 1e-06 1e-06)
(2.24553989795e-05 1e-06 1e-06)
(2.25529903941e-05 1e-06 1e-06)
(2.26472618322e-05 1e-06 1e-06)
(2.27383262365e-05 1e-06 1e-06)
(2.28262927076e-05 1e-06 1e-06)
(2.29112666344e-05 1e-06 1e-06)
(2.29933498209e-05 1e-06 1e-06)
(2.30726406074e-05 1e-06 1e-06)
(2.31492339892e-05 1e-06 1e-06)
(2.32232217295e-05 1e-06 1e-06)
(2.32946924702e-05 1e-06 1e-06)
(2.33637318372e-05 1e-06 1e-06)
(2.3430422544e-05 1e-06 1e-06)
(2.349484449e-05 1e-06 1e-06)
(2.35570748563e-05 1e-06 1e-06)
(2.36171881988e-05 1e-06 1e-06)
(2.36752565367e-05 1e-06 1e-06)
(2.37313494393e-05 1e-06 1e-06)
(2.37855341093e-05 1e-06 1e-06)
(2.38378754632e-05 1e-06 1e-06)
(2.38884362089e-05 1e-06 1e-06)
(2.39372769212e-05 1e-06 1e-06)
(2.39844561142e-05 1e-06 1e-06)
(2.40300303114e-05 1e-06 1e-06)
(2.40740541133e-05 1e-06 1e-06)
(2.41165802631e-05 1e-06 1e-06)
(2.41576597096e-05 1e-06 1e-06)
(2.41973416684e-05 1e-06 1e-06)
(2.42356736809e-05 1e-06 1e-06)
(2.4272701671e-05 1e-06 1e-06)
(2.43084700006e-05 1e-06 1e-06)
(2.43430215222e-05 1e-06 1e-06)
(2.43763976305e-05 1e-06 1e-06)
(2.44086383121e-05 1e-06 1e-06)
(2.44397821933e-05 1e-06 1e-06)
(2.44698665862e-05 1e-06 1e-06)
(2.44989275338e-05 1e-06 1e-06)
(2.45269998528e-05 1e-06 1e-06)
(2.45541171754e-05 1e-06 1e-06)
(2.458031199e-05 1e-06 1e-06)
(2.46056156793e-05 1e-06 1e-06)
(2.46300585587e-05 1e-06 1e-06)
(2.46536699122e-05 1e-06 1e-06)
(2.46764780277e-05 1e-06 1e-06)
(2.46985102306e-05 1e-06 1e-06)
(2.47197929167e-05 1e-06 1e-06)
(2.4740351584e-05 1e-06 1e-06)
(2.47602108631e-05 1e-06 1e-06)
(2.47793945464e-05 1e-06 1e-06)
(2.47979256172e-05 1e-06 1e-06)
(2.48158262768e-05 1e-06 1e-06)
(2.48331179713e-05 1e-06 1e-06)
(2.48498214171e-05 1e-06 1e-06)
(2.48659566259e-05 1e-06 1e-06)
(2.48815429287e-05 1e-06 1e-06)
(2.48965989989e-05 1e-06 1e-06)
(2.49111428743e-05 1e-06 1e-06)
(2.49251919796e-05 1e-06 1e-06)
(2.49387631463e-05 1e-06 1e-06)
(2.49518726335e-05 1e-06 1e-06)
(2.49645361471e-05 1e-06 1e-06)
(2.49767688588e-05 1e-06 1e-06)
(2.49885854241e-05 1e-06 1e-06)
(2.5e-05 1e-06 1e-06)
(2.50055007646e-05 0 0)
(2.50111657068e-05 0 0)
(2.50169997265e-05 0 0)
(2.50230078702e-05 0 0)
(2.50291953348e-05 0 0)
(2.50355674724e-05 0 0)
(2.50421297947e-05 0 0)
(2.50488879781e-05 0 0)
(2.50558478684e-05 0 0)
(2.50630154857e-05 0 0)
(2.50703970298e-05 0 0)
(2.50779988858e-05 0 0)
(2.50858276292e-05 0 0)
(2.50938900316e-05 0 0)
(2.51021930669e-05 0 0)
(2.51107439172e-05 0 0)
(2.51195499788e-05 0 0)
(2.51286188689e-05 0 0)
(2.51379584318e-05 0 0)
(2.51475767461e-05 0 0)
(2.51574821316e-05 0 0)
(2.51676831563e-05 0 0)
(2.5178188644e-05 0 0)
(2.51890076816e-05 0 0)
(2.52001496275e-05 0 0)
(2.52116241194e-05 0 0)
(2.52234410825e-05 0 0)
(2.52356107383e-05 0 0)
(2.52481436134e-05 0 0)
(2.52610505486e-05 0 0)
(2.5274342708e-05 0 0)
(2.52880315894e-05 0 0)
(2.53021290333e-05 0 0)
(2.53166472339e-05 0 0)
(2.53315987491e-05 0 0)
(2.53469965118e-05 0 0)
(2.53628538409e-05 0 0)
(2.53791844528e-05 0 0)
(2.5396002473e-05 0 0)
(2.54133224491e-05 0 0)
(2.54311593625e-05 0 0)
(2.54495286419e-05 0 0)
(2.54684461764e-05 0 0)
(2.54879283295e-05 0 0)
(2.55079919529e-05 0 0)
(2.55286544014e-05 0 0)
(2.55499335477e-05 0 0)
(2.55718477979e-05 0 0)
(2.55944161075e-05 0 0)
(2.56176579979e-05 0 0)
(2.56415935728e-05 0 0)
(2.56662435363e-05 0 0)
(2.56916292101e-05 0 0)
(2.57177725526e-05 0 0)
(2.57446961772e-05 0 0)
(2.57724233727e-05 0 0)
(2.58009781226e-05 0 0)
(2.58303851262e-05 0 0)
(2.58606698204e-05 0 0)
(2.58918584008e-05 0 0)
(2.59239778452e-05 0 0)
(2.59570559364e-05 0 0)
(2.59911212864e-05 0 0)
(2.60262033614e-05 0 0)
(2.60623325067e-05 0 0)
(2.60995399736e-05 0 0)
(2.6137857946e-05 0 0)
(2.61773195684e-05 0 0)
(2.62179589744e-05 0 0)
(2.62598113167e-05 0 0)
(2.63029127968e-05 0 0)
(2.6347300697e-05 0 0)
(2.6393013412e-05 0 0)
(2.64400904827e-05 0 0)
(2.64885726302e-05 0 0)
(2.65385017908e-05 0 0)
(2.65899211524e-05 0 0)
(2.6642875192e-05 0 0)
(2.66974097142e-05 0 0)
(2.67535718905e-05 0 0)
(2.68114103004e-05 0 0)
(2.68709749732e-05 0 0)
(2.69323174315e-05 0 0)
(2.69954907356e-05 0 0)
(2.70605495297e-05 0 0)
(2.71275500884e-05 0 0)
(2.71965503664e-05 0 0)
(2.72676100479e-05 0 0)
(2.73407905985e-05 0 0)
(2.74161553183e-05 0 0)
(2.74937693966e-05 0 0)
(2.75736999685e-05 0 0)
(2.76560161729e-05 0 0)
(2.7740789212e-05 0 0)
(2.78280924132e-05 0 0)
(2.79180012926e-05 0 0)
(2.801059362e-05 0 0)
(2.81059494865e-05 0 0)
(2.82041513734e-05 0 0)
(2.8305284224e-05 0 0)
(2.84094355168e-05 0 0)
(2.8516695341e-05 0 0)
(2.86271564749e-05 0 0)
(2.87409144656e-05 0 0)
(2.88580677124e-05 0 0)
(2.89787175509e-05 0 0)
(2.91029683415e-05 0 0)
(2.92309275594e-05 0 0)
(2.93627058874e-05 0 0)
(2.94984173119e-05 0 0)
(2.96381792212e-05 0 0)
(2.97821125074e-05 0 0)
(2.99303416707e-05 0 0)
(3.00829949271e-05 0 0)
(3.02402043195e-05 0 0)
(3.04021058316e-05 0 0)
(3.05688395061e-05 0 0)
(3.0740549565e-05 0 0)
(3.0917384535e-05 0 0)
(3.10994973759e-05 0 0)
(3.12870456125e-05 0 0)
(3.14801914715e-05 0 0)
(3.1679102021e-05 0 0)
(3.18839493159e-05 0 0)
(3.20949105461e-05 0 0)
(3.231216819e-05 0 0)
(3.25359101722e-05 0 0)
(3.27663300263e-05 0 0)
(3.30036270622e-05 0 0)
(3.32480065383e-05 0 0)
(3.34996798393e-05 0 0)
(3.37588646589e-05 0 0)
(3.40257851883e-05 0 0)
(3.43006723097e-05 0 0)
(3.45837637966e-05 0 0)
(3.4875304519e-05 0 0)
(3.51755466553e-05 0 0)
(3.54847499107e-05 0 0)
(3.58031817413e-05 0 0)
(3.61311175862e-05 0 0)
(3.6468841105e-05 0 0)
(3.68166444237e-05 0 0)
(3.7174828387e-05 0 0)
(3.7543702819e-05 0 0)
(3.79235867905e-05 0 0)
(3.83148088957e-05 0 0)
(3.8717707536e-05 0 0)
(3.91326312129e-05 0 0)
(3.95599388293e-05 0 0)
(4e-05 0 0)
(2.50055007646e-05 1e-06 0)
(2.50111657068e-05 1e-06 0)
(2.50169997265e-05 1e-06 0)
(2.50230078702e-05 1e-06 0)
(2.50291953348e-05 1e-06 0)
(2.50355674724e-05 1e-06 0)
(2.50421297947e-05 1e-06 0)
(2.50488879781e-05 1e-06 0)
(2.50558478684e-05 1e-06 0)
(2.50630154857e-05 1e-06 0)
(2.50703970298e-05 1e-06 0)
(2.50779988858e-05 1e-06 0)
(2.50858276292e-05 1e-06 0)
(2.50938900316e-05 1e-06 0)
(2.51021930669e-05 1e-06 0)
(2.51107439172e-05 1e-06 0)
(2.51195499788e-05 1e-06 0)
(2.51286188689e-05 1e-06 0)
(2.51379584318e-05 1e-06 0)
(2.51475767461e-05 1e-06 0)
(2.51574821316e-05 1e-06 0)
(2.51676831563e-05 1e-06 0)
(2.5178188644e-05 1e-06 0)
(2.51890076816e-05 1e-06 0)
(2.52001496275e-05 1e-06 0)
(2.52116241194e-05 1e-06 0)
(2.52234410825e-05 1e-06 0)
(2.52356107383e-05 1e-06 0)
(2.52481436134e-05 1e-06 0)
(2.52610505486e-05 1e-06 0)
(2.5274342708e-05 1e-06 0)
(2.52880315894e-05 1e-06 0)
(2.53021290333e-05 1e-06 0)
(2.53166472339e-05 1e-06 0)
(2.53315987491e-05 1e-06 0)
(2.53469965118e-05 1e-06 0)
(2.53628538409e-05 1e-06 0)
(2.53791844528e-05 1e-06 0)
(2.5396002473e-05 1e-06 0)
(2.54133224491e-05 1e-06 0)
(2.54311593625e-05 1e-06 0)
(2.54495286419e-05 1e-06 0)
(2.54684461764e-05 1e-06 0)
(2.54879283295e-05 1e-06 0)
(2.55079919529e-05 1e-06 0)
(2.55286544014e-05 1e-06 0)
(2.55499335477e-05 1e-06 0)
(2.55718477979e-05 1e-06 0)
(2.55944161075e-05 1e-06 0)
(2.56176579979e-05 1e-06 0)
(2.56415935728e-05 1e-06 0)
(2.56662435363e-05 1e-06 0)
(2.56916292101e-05 1e-06 0)
(2.57177725526e-05 1e-06 0)
(2.57446961772e-05 1e-06 0)
(2.57724233727e-05 1e-06 0)
(2.58009781226e-05 1e-06 0)
(2.58303851262e-05 1e-06 0)
(2.58606698204e-05 1e-06 0)
(2.58918584008e-05 1e-06 0)
(2.59239778452e-05 1e-06 0)
(2.59570559364e-05 1e-06 0)
(2.59911212864e-05 1e-06 0)
(2.60262033614e-05 1e-06 0)
(2.60623325067e-05 1e-06 0)
(2.60995399736e-05 1e-06 0)
(2.6137857946e-05 1e-06 0)
(2.61773195684e-05 1e-06 0)
(2.62179589744e-05 1e-06 0)
(2.62598113167e-05 1e-06 0)
(2.63029127968e-05 1e-06 0)
(2.6347300697e-05 1e-06 0)
(2.6393013412e-05 1e-06 0)
(2.64400904827e-05 1e-06 0)
(2.64885726302e-05 1e-06 0)
(2.65385017908e-05 1e-06 0)
(2.65899211524e-05 1e-06 0)
(2.6642875192e-05 1e-06 0)
(2.66974097142e-05 1e-06 0)
(2.67535718905e-05 1e-06 0)
(2.68114103004e-05 1e-06 0)
(2.68709749732e-05 1e-06 0)
(2.69323174315e-05 1e-06 0)
(2.69954907356e-05 1e-06 0)
(2.70605495297e-05 1e-06 0)
(2.71275500884e-05 1e-06 0)
(2.71965503664e-05 1e-06 0)
(2.72676100479e-05 1e-06 0)
(2.73407905985e-05 1e-06 0)
(2.74161553183e-05 1e-06 0)
(2.74937693966e-05 1e-06 0)
(2.75736999685e-05 1e-06 0)
(2.76560161729e-05 1e-06 0)
(2.7740789212e-05 1e-06 0)
(2.78280924132e-05 1e-06 0)
(2.79180012926e-05 1e-06 0)
(2.801059362e-05 1e-06 0)
(2.81059494865e-05 1e-06 0)
(2.82041513734e-05 1e-06 0)
(2.8305284224e-05 1e-06 0)
(2.84094355168e-05 1e-06 0)
(2.8516695341e-05 1e-06 0)
(2.86271564749e-05 1e-06 0)
(2.87409144656e-05 1e-06 0)
(2.88580677124e-05 1e-06 0)
(2.89787175509e-05 1e-06 0)
(2.91029683415e-05 1e-06 0)
(2.92309275594e-05 1e-06 0)
(2.93627058874e-05 1e-06 0)
(2.94984173119e-05 1e-06 0)
(2.96381792212e-05 1e-06 0)
(2.97821125074e-05 1e-06 0)
(2.99303416707e-05 1e-06 0)
(3.00829949271e-05 1e-06 0)
(3.02402043195e-05 1e-06 0)
(3.04021058316e-05 1e-06 0)
(3.05688395061e-05 1e-06 0)
(3.0740549565e-05 1e-06 0)
(3.0917384535e-05 1e-06 0)
(3.10994973759e-05 1e-06 0)
(3.12870456125e-05 1e-06 0)
(3.14801914715e-05 1e-06 0)
(3.1679102021e-05 1e-06 0)
(3.18839493159e-05 1e-06 0)
(3.20949105461e-05 1e-06 0)
(3.231216819e-05 1e-06 0)
(3.25359101722e-05 1e-06 0)
(3.27663300263e-05 1e-06 0)
(3.30036270622e-05 1e-06 0)
(3.32480065383e-05 1e-06 0)
(3.34996798393e-05 1e-06 0)
(3.37588646589e-05 1e-06 0)
(3.40257851883e-05 1e-06 0)
(3.43006723097e-05 1e-06 0)
(3.45837637966e-05 1e-06 0)
(3.4875304519e-05 1e-06 0)
(3.51755466553e-05 1e-06 0)
(3.54847499107e-05 1e-06 0)
(3.58031817413e-05 1e-06 0)
(3.61311175862e-05 1e-06 0)
(3.6468841105e-05 1e-06 0)
(3.68166444237e-05 1e-06 0)
(3.7174828387e-05 1e-06 0)
(3.7543702819e-05 1e-06 0)
(3.79235867905e-05 1e-06 0)
(3.83148088957e-05 1e-06 0)
(3.8717707536e-05 1e-06 0)
(3.91326312129e-05 1e-06 0)
(3.95599388293e-05 1e-06 0)
(4e-05 1e-06 0)
(2.50055007646e-05 0 1e-06)
(2.50111657068e-05 0 1e-06)
(2.50169997265e-05 0 1e-06)
(2.50230078702e-05 0 1e-06)
(2.50291953348e-05 0 1e-06)
(2.50355674724e-05 0 1e-06)
(2.50421297947e-05 0 1e-06)
(2.50488879781e-05 0 1e-06)
(2.50558478684e-05 0 1e-06)
(2.50630154857e-05 0 1e-06)
(2.50703970298e-05 0 1e-06)
(2.50779988858e-05 0 1e-06)
(2.50858276292e-05 0 1e-06)
(2.50938900316e-05 0 1e-06)
(2.51021930669e-05 0 1e-06)
(2.51107439172e-05 0 1e-06)
(2.51195499788e-05 0 1e-06)
(2.51286188689e-05 0 1e-06)
(2.51379584318e-05 0 1e-06)
(2.51475767461e-05 0 1e-06)
(2.51574821316e-05 0 1e-06)
(2.51676831563e-05 0 1e-06)
(2.5178188644e-05 0 1e-06)
(2.51890076816e-05 0 1e-06)
(2.52001496275e-05 0 1e-06)
(2.52116241194e-05 0 1e-06)
(2.52234410825e-05 0 1e-06)
(2.52356107383e-05 0 1e-06)
(2.52481436134e-05 0 1e-06)
(2.52610505486e-05 0 1e-06)
(2.5274342708e-05 0 1e-06)
(2.52880315894e-05 0 1e-06)
(2.53021290333e-05 0 1e-06)
(2.53166472339e-05 0 1e-06)
(2.53315987491e-05 0 1e-06)
(2.53469965118e-05 0 1e-06)
(2.53628538409e-05 0 1e-06)
(2.53791844528e-05 0 1e-06)
(2.5396002473e-05 0 1e-06)
(2.54133224491e-05 0 1e-06)
(2.54311593625e-05 0 1e-06)
(2.54495286419e-05 0 1e-06)
(2.54684461764e-05 0 1e-06)
(2.54879283295e-05 0 1e-06)
(2.55079919529e-05 0 1e-06)
(2.55286544014e-05 0 1e-06)
(2.55499335477e-05 0 1e-06)
(2.55718477979e-05 0 1e-06)
(2.55944161075e-05 0 1e-06)
(2.56176579979e-05 0 1e-06)
(2.56415935728e-05 0 1e-06)
(2.56662435363e-05 0 1e-06)
(2.56916292101e-05 0 1e-06)
(2.57177725526e-05 0 1e-06)
(2.57446961772e-05 0 1e-06)
(2.57724233727e-05 0 1e-06)
(2.58009781226e-05 0 1e-06)
(2.58303851262e-05 0 1e-06)
(2.58606698204e-05 0 1e-06)
(2.58918584008e-05 0 1e-06)
(2.59239778452e-05 0 1e-06)
(2.59570559364e-05 0 1e-06)
(2.59911212864e-05 0 1e-06)
(2.60262033614e-05 0 1e-06)
(2.60623325067e-05 0 1e-06)
(2.60995399736e-05 0 1e-06)
(2.6137857946e-05 0 1e-06)
(2.61773195684e-05 0 1e-06)
(2.62179589744e-05 0 1e-06)
(2.62598113167e-05 0 1e-06)
(2.63029127968e-05 0 1e-06)
(2.6347300697e-05 0 1e-06)
(2.6393013412e-05 0 1e-06)
(2.64400904827e-05 0 1e-06)
(2.64885726302e-05 0 1e-06)
(2.65385017908e-05 0 1e-06)
(2.65899211524e-05 0 1e-06)
(2.6642875192e-05 0 1e-06)
(2.66974097142e-05 0 1e-06)
(2.67535718905e-05 0 1e-06)
(2.68114103004e-05 0 1e-06)
(2.68709749732e-05 0 1e-06)
(2.69323174315e-05 0 1e-06)
(2.69954907356e-05 0 1e-06)
(2.70605495297e-05 0 1e-06)
(2.71275500884e-05 0 1e-06)
(2.71965503664e-05 0 1e-06)
(2.72676100479e-05 0 1e-06)
(2.73407905985e-05 0 1e-06)
(2.74161553183e-05 0 1e-06)
(2.74937693966e-05 0 1e-06)
(2.75736999685e-05 0 1e-06)
(2.76560161729e-05 0 1e-06)
(2.7740789212e-05 0 1e-06)
(2.78280924132e-05 0 1e-06)
(2.79180012926e-05 0 1e-06)
(2.801059362e-05 0 1e-06)
(2.81059494865e-05 0 1e-06)
(2.82041513734e-05 0 1e-06)
(2.8305284224e-05 0 1e-06)
(2.84094355168e-05 0 1e-06)
(2.8516695341e-05 0 1e-06)
(2.86271564749e-05 0 1e-06)
(2.87409144656e-05 0 1e-06)
(2.88580677124e-05 0 1e-06)
(2.89787175509e-05 0 1e-06)
(2.91029683415e-05 0 1e-06)
(2.92309275594e-05 0 1e-06)
(2.93627058874e-05 0 1e-06)
(2.94984173119e-05 0 1e-06)
(2.96381792212e-05 0 1e-06)
(2.97821125074e-05 0 1e-06)
(2.99303416707e-05 0 1e-06)
(3.00829949271e-05 0 1e-06)
(3.02402043195e-05 0 1e-06)
(3.04021058316e-05 0 1e-06)
(3.05688395061e-05 0 1e-06)
(3.0740549565e-05 0 1e-06)
(3.0917384535e-05 0 1e-06)
(3.10994973759e-05 0 1e-06)
(3.12870456125e-05 0 1e-06)
(3.14801914715e-05 0 1e-06)
(3.1679102021e-05 0 1e-06)
(3.18839493159e-05 0 1e-06)
(3.20949105461e-05 0 1e-06)
(3.231216819e-05 0 1e-06)
(3.25359101722e-05 0 1e-06)
(3.27663300263e-05 0 1e-06)
(3.30036270622e-05 0 1e-06)
(3.32480065383e-05 0 1e-06)
(3.34996798393e-05 0 1e-06)
(3.37588646589e-05 0 1e-06)
(3.40257851883e-05 0 1e-06)
(3.43006723097e-05 0 1e-06)
(3.45837637966e-05 0 1e-06)
(3.4875304519e-05 0 1e-06)
(3.51755466553e-05 0 1e-06)
(3.54847499107e-05 0 1e-06)
(3.58031817413e-05 0 1e-06)
(3.61311175862e-05 0 1e-06)
(3.6468841105e-05 0 1e-06)
(3.68166444237e-05 0 1e-06)
(3.7174828387e-05 0 1e-06)
(3.7543702819e-05 0 1e-06)
(3.79235867905e-05 0 1e-06)
(3.83148088957e-05 0 1e-06)
(3.8717707536e-05 0 1e-06)
(3.91326312129e-05 0 1e-06)
(3.95599388293e-05 0 1e-06)
(4e-05 0 1e-06)
(2.50055007646e-05 1e-06 1e-06)
(2.50111657068e-05 1e-06 1e-06)
(2.50169997265e-05 1e-06 1e-06)
(2.50230078702e-05 1e-06 1e-06)
(2.50291953348e-05 1e-06 1e-06)
(2.50355674724e-05 1e-06 1e-06)
(2.50421297947e-05 1e-06 1e-06)
(2.50488879781e-05 1e-06 1e-06)
(2.50558478684e-05 1e-06 1e-06)
(2.50630154857e-05 1e-06 1e-06)
(2.50703970298e-05 1e-06 1e-06)
(2.50779988858e-05 1e-06 1e-06)
(2.50858276292e-05 1e-06 1e-06)
(2.50938900316e-05 1e-06 1e-06)
(2.51021930669e-05 1e-06 1e-06)
(2.51107439172e-05 1e-06 1e-06)
(2.51195499788e-05 1e-06 1e-06)
(2.51286188689e-05 1e-06 1e-06)
(2.51379584318e-05 1e-06 1e-06)
(2.51475767461e-05 1e-06 1e-06)
(2.51574821316e-05 1e-06 1e-06)
(2.51676831563e-05 1e-06 1e-06)
(2.5178188644e-05 1e-06 1e-06)
(2.51890076816e-05 1e-06 1e-06)
(2.52001496275e-05 1e-06 1e-06)
(2.52116241194e-05 1e-06 1e-06)
(2.52234410825e-05 1e-06 1e-06)
(2.52356107383e-05 1e-06 1e-06)
(2.52481436134e-05 1e-06 1e-06)
(2.52610505486e-05 1e-06 1e-06)
(2.5274342708e-05 1e-06 1e-06)
(2.52880315894e-05 1e-06 1e-06)
(2.53021290333e-05 1e-06 1e-06)
(2.53166472339e-05 1e-06 1e-06)
(2.53315987491e-05 1e-06 1e-06)
(2.53469965118e-05 1e-06 1e-06)
(2.53628538409e-05 1e-06 1e-06)
(2.53791844528e-05 1e-06 1e-06)
(2.5396002473e-05 1e-06 1e-06)
(2.54133224491e-05 1e-06 1e-06)
(2.54311593625e-05 1e-06 1e-06)
(2.54495286419e-05 1e-06 1e-06)
(2.54684461764e-05 1e-06 1e-06)
(2.54879283295e-05 1e-06 1e-06)
(2.55079919529e-05 1e-06 1e-06)
(2.55286544014e-05 1e-06 1e-06)
(2.55499335477e-05 1e-06 1e-06)
(2.55718477979e-05 1e-06 1e-06)
(2.55944161075e-05 1e-06 1e-06)
(2.56176579979e-05 1e-06 1e-06)
(2.56415935728e-05 1e-06 1e-06)
(2.56662435363e-05 1e-06 1e-06)
(2.56916292101e-05 1e-06 1e-06)
(2.57177725526e-05 1e-06 1e-06)
(2.57446961772e-05 1e-06 1e-06)
(2.57724233727e-05 1e-06 1e-06)
(2.58009781226e-05 1e-06 1e-06)
(2.58303851262e-05 1e-06 1e-06)
(2.58606698204e-05 1e-06 1e-06)
(2.58918584008e-05 1e-06 1e-06)
(2.59239778452e-05 1e-06 1e-06)
(2.59570559364e-05 1e-06 1e-06)
(2.59911212864e-05 1e-06 1e-06)
(2.60262033614e-05 1e-06 1e-06)
(2.60623325067e-05 1e-06 1e-06)
(2.60995399736e-05 1e-06 1e-06)
(2.6137857946e-05 1e-06 1e-06)
(2.61773195684e-05 1e-06 1e-06)
(2.62179589744e-05 1e-06 1e-06)
(2.62598113167e-05 1e-06 1e-06)
(2.63029127968e-05 1e-06 1e-06)
(2.6347300697e-05 1e-06 1e-06)
(2.6393013412e-05 1e-06 1e-06)
(2.64400904827e-05 1e-06 1e-06)
(2.64885726302e-05 1e-06 1e-06)
(2.65385017908e-05 1e-06 1e-06)
(2.65899211524e-05 1e-06 1e-06)
(2.6642875192e-05 1e-06 1e-06)
(2.66974097142e-05 1e-06 1e-06)
(2.67535718905e-05 1e-06 1e-06)
(2.68114103004e-05 1e-06 1e-06)
(2.68709749732e-05 1e-06 1e-06)
(2.69323174315e-05 1e-06 1e-06)
(2.69954907356e-05 1e-06 1e-06)
(2.70605495297e-05 1e-06 1e-06)
(2.71275500884e-05 1e-06 1e-06)
(2.71965503664e-05 1e-06 1e-06)
(2.72676100479e-05 1e-06 1e-06)
(2.73407905985e-05 1e-06 1e-06)
(2.74161553183e-05 1e-06 1e-06)
(2.74937693966e-05 1e-06 1e-06)
(2.75736999685e-05 1e-06 1e-06)
(2.76560161729e-05 1e-06 1e-06)
(2.7740789212e-05 1e-06 1e-06)
(2.78280924132e-05 1e-06 1e-06)
(2.79180012926e-05 1e-06 1e-06)
(2.801059362e-05 1e-06 1e-06)
(2.81059494865e-05 1e-06 1e-06)
(2.82041513734e-05 1e-06 1e-06)
(2.8305284224e-05 1e-06 1e-06)
(2.84094355168e-05 1e-06 1e-06)
(2.8516695341e-05 1e-06 1e-06)
(2.86271564749e-05 1e-06 1e-06)
(2.87409144656e-05 1e-06 1e-06)
(2.88580677124e-05 1e-06 1e-06)
(2.89787175509e-05 1e-06 1e-06)
(2.91029683415e-05 1e-06 1e-06)
(2.92309275594e-05 1e-06 1e-06)
(2.93627058874e-05 1e-06 1e-06)
(2.94984173119e-05 1e-06 1e-06)
(2.96381792212e-05 1e-06 1e-06)
(2.97821125074e-05 1e-06 1e-06)
(2.99303416707e-05 1e-06 1e-06)
(3.00829949271e-05 1e-06 1e-06)
(3.02402043195e-05 1e-06 1e-06)
(3.04021058316e-05 1e-06 1e-06)
(3.05688395061e-05 1e-06 1e-06)
(3.0740549565e-05 1e-06 1e-06)
(3.0917384535e-05 1e-06 1e-06)
(3.10994973759e-05 1e-06 1e-06)
(3.12870456125e-05 1e-06 1e-06)
(3.14801914715e-05 1e-06 1e-06)
(3.1679102021e-05 1e-06 1e-06)
(3.18839493159e-05 1e-06 1e-06)
(3.20949105461e-05 1e-06 1e-06)
(3.231216819e-05 1e-06 1e-06)
(3.25359101722e-05 1e-06 1e-06)
(3.27663300263e-05 1e-06 1e-06)
(3.30036270622e-05 1e-06 1e-06)
(3.32480065383e-05 1e-06 1e-06)
(3.34996798393e-05 1e-06 1e-06)
(3.37588646589e-05 1e-06 1e-06)
(3.40257851883e-05 1e-06 1e-06)
(3.43006723097e-05 1e-06 1e-06)
(3.45837637966e-05 1e-06 1e-06)
(3.4875304519e-05 1e-06 1e-06)
(3.51755466553e-05 1e-06 1e-06)
(3.54847499107e-05 1e-06 1e-06)
(3.58031817413e-05 1e-06 1e-06)
(3.61311175862e-05 1e-06 1e-06)
(3.6468841105e-05 1e-06 1e-06)
(3.68166444237e-05 1e-06 1e-06)
(3.7174828387e-05 1e-06 1e-06)
(3.7543702819e-05 1e-06 1e-06)
(3.79235867905e-05 1e-06 1e-06)
(3.83148088957e-05 1e-06 1e-06)
(3.8717707536e-05 1e-06 1e-06)
(3.91326312129e-05 1e-06 1e-06)
(3.95599388293e-05 1e-06 1e-06)
(4e-05 1e-06 1e-06)
)


// ************************************************************************* //
